#element(symbol)    radius(A)   covalent_radius (A)    color(rgb)    mass   Hbond
H            0.03            0.32          1.0 1.0 1.0      1.00794
He            0.03            0.93          0.8509804 1.0 1.0      4.00260
Li            0.04            1.23          0.8 0.5019608 1.0      6.94100
Be            0.04            0.9          0.7607843 1.0 0.0      9.01218
B            0.04            0.82          1.0 0.70980394 0.70980394      10.81100
C            0.04            0.77          0.5647059 0.5647059 0.5647059      12.01100
N            0.04            0.75          0.1882353 0.3137255 0.972549      14.00670  2.5
O            0.04            0.73          1.0 0.050980393 0.050980393      15.99940  2.2
F            0.04            0.72          0.5647059 0.8784314 0.3137255      18.99840  2.5
Ne            0.04            0.71          0.7019608 0.8901961 0.9607843      20.17970
Na            0.05            1.54          0.67058825 0.36078432 0.9490196      22.98977
Mg            0.05            1.36          0.5411765 1.0 0.0      24.30500
Al            0.05            1.18          0.7490196 0.6509804 0.6509804      26.98154
Si            0.05            1.11          0.9411765 0.78431374 0.627451      28.08550
P            0.05            1.06          1.0 0.5019608 0.0      30.97376
S            0.05            1.02          1.0 1.0 0.1882353      32.06600  2.5
Cl            0.05            0.99          0.12156863 0.9411765 0.12156863      35.45270  2.5
Ar            0.05            0.98          0.5019608 0.81960785 0.8901961      39.94800
K            0.06            2.03          0.56078434 0.2509804 0.83137256      39.09830
Ca            0.06            1.74          0.23921569 1.0 0.0      40.07800
Sc            0.06            1.44          0.9019608 0.9019608 0.9019608      44.95590
Ti            0.06            1.32          0.7490196 0.7607843 0.78039217      47.88000
V            0.06            1.22          0.6509804 0.6509804 0.67058825      50.94150
Cr            0.06            1.18          0.5411765 0.6 0.78039217      51.99600
Mn            0.06            1.17          0.6117647 0.47843137 0.78039217      54.93800
Fe            0.06            1.17          0.8784314 0.4 0.2      55.84700
Co            0.06            1.16          0.9411765 0.5647059 0.627451      58.93320
Ni            0.06            1.15          0.3137255 0.8156863 0.3137255      58.69340
Cu            0.06            1.17          0.78431374 0.5019608 0.2      63.54600
Zn            0.06            1.25          0.49019608 0.5019608 0.6901961      65.39000
Ga            0.06            1.26          0.7607843 0.56078434 0.56078434      69.72300
Ge            0.06            1.22          0.4 0.56078434 0.56078434      72.61000
As            0.06            1.2          0.7411765 0.5019608 0.8901961      74.92160
Se            0.06            1.16          1.0 0.6313726 0.0      78.96000
Br            0.06            1.14          0.6509804 0.16078432 0.16078432      79.90400  2.5
Kr            0.06            1.89          0.36078432 0.72156864 0.81960785      83.80000
Rb            0.07            2.16          0.4392157 0.18039216 0.6901961      85.46780
Sr            0.07            1.91          0.0 1.0 0.0      87.62000
Y            0.07            1.62          0.5803922 1.0 1.0      88.90590
Zr            0.07            1.45          0.5803922 0.8784314 0.8784314      91.22400
Nb            0.07            1.34          0.4509804 0.7607843 0.7882353      92.90640
Mo            0.07            1.3          0.32941177 0.70980394 0.70980394      95.94000
Tc            0.07            1.27          0.23137255 0.61960787 0.61960787      98.00000
Ru            0.07            1.25          0.14117648 0.56078434 0.56078434      101.07000
Rh            0.07            1.25          0.039215688 0.49019608 0.54901963      102.90550
Pd            0.07            1.28          0.0 0.4117647 0.52156866      106.42000
Ag            0.07            1.34          0.7529412 0.7529412 0.7529412      107.86800
Cd            0.07            1.41          1.0 0.8509804 0.56078434      112.41000
In            0.07            1.44          0.6509804 0.45882353 0.4509804      114.82000
Sn            0.07            1.41          0.4 0.5019608 0.5019608      118.71000
Sb            0.07            1.4          0.61960787 0.3882353 0.70980394      121.75700
Te            0.07            1.36          0.83137256 0.47843137 0.0      127.60000
I            0.07            1.33          0.5803922 0.0 0.5803922      126.90450  2.5
Xe            0.07            1.31          0.25882354 0.61960787 0.6901961      131.29000
Cs            0.08            2.35          0.34117648 0.09019608 0.56078434      132.90540
Ba            0.08            1.98          0.0 0.7882353 0.0      137.33000
La            0.08            1.25          0.4392157 0.83137256 1.0      138.90550
Ce            0.08            1.65          1.0 1.0 0.78039217      140.12000
Pr            0.08            1.65          0.8509804 1.0 0.78039217      140.90770
Nd            0.08            1.64          0.78039217 1.0 0.78039217      144.24000
Pm            0.08            1.63          0.6392157 1.0 0.78039217      145.00000
Sm            0.08            1.62          0.56078434 1.0 0.78039217      150.36000
Eu            0.08            1.85          0.38039216 1.0 0.78039217      151.96500
Gd            0.08            1.61          0.27058825 1.0 0.78039217      157.25000
Tb            0.08            1.59          0.1882353 1.0 0.78039217      158.92530
Dy            0.08            1.59          0.12156863 1.0 0.78039217      162.50000
Ho            0.08            1.58          0.0 1.0 0.6117647      164.93030
Er            0.08            1.57          0.0 0.9019608 0.45882353      167.26000
Tm            0.08            1.56          0.0 0.83137256 0.32156864      168.93420
Yb            0.08            1.7          0.0 0.7490196 0.21960784      173.04000
Lu            0.08            1.56          0.0 0.67058825 0.14117648      174.96700
Hf            0.08            1.44          0.3019608 0.7607843 1.0      178.49000
Ta            0.08            1.34          0.3019608 0.6509804 1.0      180.94790
W            0.08             1.37          0.12941177 0.5803922 0.8392157      183.85000
Re            0.08            1.28          0.14901961 0.49019608 0.67058825      186.20700
Os            0.08            1.26          0.14901961 0.4 0.5882353      190.20000
Ir            0.08            1.27          0.09019608 0.32941177 0.5294118      192.22000
Pt            0.08            1.3          0.8156863 0.8156863 0.8784314      195.08000
Au            0.08            1.34          1.0 0.81960785 0.13725491      196.96650
Hg            0.08            1.49          0.72156864 0.72156864 0.8156863      200.59000
Tl            0.08            1.48          0.6509804 0.32941177 0.3019608      204.38300
Pb            0.08            1.47          0.34117648 0.34901962 0.38039216      207.20000
Bi            0.08            1.46          0.61960787 0.30980393 0.70980394      208.98040
Po            0.08            1.53          0.67058825 0.36078432 0.0      209.00000
At            0.08            1.47          0.45882353 0.30980393 0.27058825      210.00000  2.5
Rn            0.08            1.42          0.25882354 0.50980395 0.5882353      222.00000
Fr            0.09            2.23          0.25882354 0.0 0.4      223.00000
Ra            0.09            2.01          0.0 0.49019608 0.0      226.02540
Ac            0.09            1.86          0.4392157 0.67058825 0.98039216      227.00000
Th            0.09            1.75          0.0 0.7294118 1.0      232.03810
Pa            0.09            1.69          0.0 0.6313726 1.0      231.03590
U            0.09             1.7          0.0 0.56078434 1.0      238.02900
Np            0.09            1.71          0.0 0.5019608 1.0      237.04820
Pu            0.09            1.72          0.0 0.41960785 1.0      244.00000
Am            0.09            1.66          0.32941177 0.36078432 0.9490196      243.00000
Cm            0.09            1.66          0.47058824 0.36078432 0.8901961      247.00000
Bk            0.09            1.66          0.5411765 0.30980393 0.8901961      247.00000
Cf            0.09            1.68          0.6313726 0.21176471 0.83137256      251.00000
Es            0.09            1.65          0.7019608 0.12156863 0.83137256      252.00000
Fm            0.09            1.67          0.7019608 0.12156863 0.7294118      257.00000
Md            0.09            1.73          0.7019608 0.050980393 0.6509804      258.00000
No            0.09            1.76          0.7411765 0.050980393 0.5294118      259.00000
Lr            0.09            1.61          0.78039217 0.0 0.4      262.00000
Rf            0.1            1.57          0.8 0.0 0.34901962      261.00000
Db            0.1            1.49          0.81960785 0.0 0.30980393      262.00000
Sg            0.1            1.43          0.8509804 0.0 0.27058825      263.00000
Bh            0.1            1.41          0.8784314 0.0 0.21960784      262.00000
Hs            0.1            1.34          0.9019608 0.0 0.18039216      265.00000
Mt            0.1            1.29          0.92156863 0.0 0.14901961      266.00000
