 num_kpoints =     57
 num_bands   =     40
 nspin       =      1
 Valence band max   =   0.117128

 nk_converged =       57
 ik =    1 (  0.000000  0.000000  0.000000 )
 ik =    2 (  0.025000 -0.025000  0.000000 )
 ik =    3 (  0.050000 -0.050000  0.000000 )
 ik =    4 (  0.075000 -0.075000  0.000000 )
 ik =    5 (  0.100000 -0.100000  0.000000 )
 ik =    6 (  0.125000 -0.125000  0.000000 )
 ik =    7 (  0.150000 -0.150000  0.000000 )
 ik =    8 (  0.175000 -0.175000  0.000000 )
 ik =    9 (  0.200000 -0.200000  0.000000 )
 ik =   10 (  0.225000 -0.225000  0.000000 )
 ik =   11 (  0.250000 -0.250000  0.000000 )
 ik =   12 (  0.275000 -0.275000  0.000000 )
 ik =   13 (  0.300000 -0.300000  0.000000 )
 ik =   14 (  0.325000 -0.325000  0.000000 )
 ik =   15 (  0.350000 -0.350000  0.000000 )
 ik =   16 (  0.375000 -0.375000  0.000000 )
 ik =   17 (  0.400000 -0.400000  0.000000 )
 ik =   18 (  0.425000 -0.425000  0.000000 )
 ik =   19 (  0.450000 -0.450000  0.000000 )
 ik =   20 (  0.475000 -0.475000  0.000000 )
 ik =   21 (  0.500000 -0.500000  0.000000 )
 ik =   22 (  0.486111 -0.513889  0.000000 )
 ik =   23 (  0.472222 -0.527778  0.000000 )
 ik =   24 (  0.458333 -0.541667  0.000000 )
 ik =   25 (  0.444444 -0.555556  0.000000 )
 ik =   26 (  0.430556 -0.569444  0.000000 )
 ik =   27 (  0.416667 -0.583333  0.000000 )
 ik =   28 (  0.402778 -0.597222  0.000000 )
 ik =   29 (  0.388889 -0.611111  0.000000 )
 ik =   30 (  0.375000 -0.625000  0.000000 )
 ik =   31 (  0.361111 -0.638889  0.000000 )
 ik =   32 (  0.347222 -0.652778  0.000000 )
 ik =   33 (  0.333333 -0.666667  0.000000 )
 ik =   34 (  0.319444 -0.638889  0.000000 )
 ik =   35 (  0.305556 -0.611111  0.000000 )
 ik =   36 (  0.291667 -0.583333  0.000000 )
 ik =   37 (  0.277778 -0.555556  0.000000 )
 ik =   38 (  0.263889 -0.527778  0.000000 )
 ik =   39 (  0.250000 -0.500000  0.000000 )
 ik =   40 (  0.236111 -0.472222  0.000000 )
 ik =   41 (  0.222222 -0.444444  0.000000 )
 ik =   42 (  0.208333 -0.416667  0.000000 )
 ik =   43 (  0.194444 -0.388889  0.000000 )
 ik =   44 (  0.180556 -0.361111  0.000000 )
 ik =   45 (  0.166667 -0.333333  0.000000 )
 ik =   46 (  0.152778 -0.305556  0.000000 )
 ik =   47 (  0.138889 -0.277778  0.000000 )
 ik =   48 (  0.125000 -0.250000  0.000000 )
 ik =   49 (  0.111111 -0.222222  0.000000 )
 ik =   50 (  0.097222 -0.194444  0.000000 )
 ik =   51 (  0.083333 -0.166667  0.000000 )
 ik =   52 (  0.069444 -0.138889  0.000000 )
 ik =   53 (  0.055556 -0.111111  0.000000 )
 ik =   54 (  0.041667 -0.083333  0.000000 )
 ik =   55 (  0.027778 -0.055556  0.000000 )
 ik =   56 (  0.013889 -0.027778  0.000000 )
 ik =   57 (  0.000000  0.000000  0.000000 )
 -----
=== energy_eigen_values ===
 ik =    1 (  0.000000  0.000000  0.000000 )
     -1.1974419923     -1.1974385720     -1.1913595839     -1.1913595839
     -1.1913491751     -1.1913491751     -0.4281266287     -0.4184481410
     -0.3834503611     -0.3675106274     -0.1285888367     -0.0890967728
     -0.0073752265     -0.0009366045     -0.0009366045     -0.0002887162
     -0.0002887162      0.0383913477      0.0383913477      0.0403152230
      0.0403152230      0.0762298220      0.0799671015      0.1171279631
      0.1914242966      0.1914242966      0.1928148893      0.1928148893
      0.1947673103      0.1947673103      0.2007550941      0.2007550941
      0.3125109699      0.3233931471      0.4164663717      0.4338829356
      0.4427659262      0.4954379867      0.4954557426      0.5015551529
=== energy_eigen_values ===
 ik =    2 (  0.025000 -0.025000  0.000000 )
     -1.1974332777     -1.1974225558     -1.1914366457     -1.1914288137
     -1.1913768318     -1.1913690831     -0.4277879479     -0.4181185647
     -0.3832960427     -0.3673935099     -0.1281928759     -0.0887111411
     -0.0081144384     -0.0017370929     -0.0010560186     -0.0006111661
      0.0000584706      0.0369922643      0.0378264964      0.0397646767
      0.0406731346      0.0768515976      0.0799835771      0.1164329016
      0.1910568611      0.1919361620      0.1922522049      0.1934546016
      0.1943614208      0.1944647408      0.1996159823      0.2004314210
      0.3141819658      0.3249351925      0.4180498144      0.4356133428
      0.4428205974      0.4943771345      0.4964596103      0.5015492166
=== energy_eigen_values ===
 ik =    3 (  0.050000 -0.050000  0.000000 )
     -1.1973879796     -1.1973739249     -1.1916631500     -1.1916607996
     -1.1914281332     -1.1914208215     -0.4267757063     -0.4171221295
     -0.3828301165     -0.3670415085     -0.1270143623     -0.0875815204
     -0.0102190959     -0.0040823368     -0.0033017653      0.0003610963
      0.0010940343      0.0331740952      0.0361743851      0.0381707353
      0.0416187024      0.0782745574      0.0800101340      0.1143644816
      0.1901031735      0.1907452824      0.1931778679      0.1934453358
      0.1935555141      0.1953071726      0.1964889116      0.1994748313
      0.3189867324      0.3294425129      0.4226254889      0.4406721002
      0.4429296922      0.4913315881      0.4994754383      0.5012856491
=== energy_eigen_values ===
 ik =    4 (  0.075000 -0.075000  0.000000 )
     -1.1973094880     -1.1972940203     -1.1920362319     -1.1920302292
     -1.1915087481     -1.1915078819     -0.4251015530     -0.4154781034
     -0.3820474431     -0.3664597411     -0.1250910282     -0.0857248532
     -0.0134129688     -0.0078181638     -0.0068680678      0.0019626074
      0.0027968288      0.0276863395      0.0335526661      0.0356372967
      0.0427811053      0.0795932207      0.0799759753      0.1109516438
      0.1883335882      0.1894091938      0.1908289744      0.1913138384
      0.1932946690      0.1958552603      0.1979279558      0.1982108463
      0.3263838934      0.3365772328      0.4296695528      0.4429559325
      0.4485820349      0.4867248295      0.4968767646      0.5007573725
=== energy_eigen_values ===
 ik =    5 (  0.100000 -0.100000  0.000000 )
     -1.1971978642     -1.1971822254     -1.1925437927     -1.1925343237
     -1.1916222948     -1.1916183276     -0.4227890804     -0.4132104864
     -0.3809589348     -0.3656535745     -0.1224801018     -0.0832402157
     -0.0174036554     -0.0127148717     -0.0115133451      0.0041629306
      0.0051351687      0.0211317773      0.0301320572      0.0323224265
      0.0437344690      0.0797638651      0.0800178202      0.1062921309
      0.1852689647      0.1860560650      0.1889016092      0.1890901398
      0.1919227769      0.1958614481      0.1989983073      0.2019640284
      0.3356580398      0.3458468807      0.4383083226      0.4427845758
      0.4585750670      0.4806019326      0.4904997100      0.4992977197
=== energy_eigen_values ===
 ik =    6 (  0.125000 -0.125000  0.000000 )
     -1.1970662959     -1.1970494516     -1.1931796530     -1.1931690093
     -1.1917673850     -1.1917622018     -0.4198799019     -0.4103668268
     -0.3795868901     -0.3646571592     -0.1192859706     -0.0802650794
     -0.0219475352     -0.0185080281     -0.0169320916      0.0069128159
      0.0080618861      0.0138989928      0.0260968386      0.0284047147
      0.0441075847      0.0790947238      0.0792161795      0.1005391197
      0.1791604571      0.1841613594      0.1860971432      0.1899459221
      0.1909106469      0.1933721377      0.2026639995      0.2063375965
      0.3460231155      0.3566066204      0.4424512213      0.4471021033
      0.4691437809      0.4730244415      0.4850061140      0.4966701872
=== energy_eigen_values ===
 ik =    7 (  0.150000 -0.150000  0.000000 )
     -1.1969052258     -1.1968908107     -1.1939115417     -1.1939030683
     -1.1919325994     -1.1919285019     -0.4164010972     -0.4069691487
     -0.3779378416     -0.3634675551     -0.1156356150     -0.0770273692
     -0.0268645155     -0.0248981067     -0.0227504789      0.0062183581
      0.0101537719      0.0115223108      0.0216409997      0.0240715699
      0.0436587416      0.0767349411      0.0781581785      0.0939670074
      0.1733160019      0.1830675148      0.1831305670      0.1901708256
      0.1905857869      0.1922317608      0.2066448267      0.2111094834
      0.3566042750      0.3680968024      0.4421913546      0.4535789147
      0.4645841714      0.4760638203      0.4802753788      0.4947779771
=== energy_eigen_values ===
 ik =    8 (  0.175000 -0.175000  0.000000 )
     -1.1967296138     -1.1967159961     -1.1947318963     -1.1947256683
     -1.1921191248     -1.1921151263     -0.4124089051     -0.4030915500
     -0.3760489455     -0.3621132232     -0.1117212465     -0.0739020222
     -0.0320474340     -0.0315830683     -0.0285107427     -0.0017586074
      0.0138084645      0.0154420964      0.0169360250      0.0194886398
      0.0423008312      0.0731504141      0.0764207324      0.0869242839
      0.1682841961      0.1799742089      0.1832236571      0.1876302841
      0.1897032418      0.1959171985      0.2107435243      0.2160702501
      0.3663781426      0.3792884038      0.4421236683      0.4544564237
      0.4559716510      0.4723831331      0.4761908177      0.4948784875
=== energy_eigen_values ===
 ik =    9 (  0.200000 -0.200000  0.000000 )
     -1.1965420763     -1.1965276786     -1.1956219102     -1.1956082379
     -1.1923209799     -1.1923131614     -0.4079708804     -0.3987922908
     -0.3739468733     -0.3606242785     -0.1078077347     -0.0714954368
     -0.0382367096     -0.0374147348     -0.0335834736     -0.0099237049
      0.0121354982      0.0148041740      0.0177858727      0.0197375512
      0.0401174408      0.0687126643      0.0738807651      0.0798834968
      0.1644829502      0.1769664251      0.1845324552      0.1846406288
      0.1894900278      0.2007563847      0.2147914114      0.2210390792
      0.3743206689      0.3887203634      0.4414448176      0.4480926895
      0.4493062091      0.4623232835      0.4739014025      0.4949137928
=== energy_eigen_values ===
 ik =   10 (  0.225000 -0.225000  0.000000 )
     -1.1965549555     -1.1965482159     -1.1963420112     -1.1963254855
     -1.1925346829     -1.1925240641     -0.4031421442     -0.3941686263
     -0.3716673552     -0.3590244788     -0.1042513162     -0.0706815088
     -0.0445309097     -0.0429118022     -0.0371520935     -0.0181662564
      0.0073736127      0.0101460720      0.0219748676      0.0243026129
      0.0373169283      0.0638195775      0.0702889240      0.0736308070
      0.1621306075      0.1741870879      0.1817326629      0.1869581664
      0.1894709256      0.2064287544      0.2186532089      0.2258632339
      0.3796912217      0.3943955478      0.4378398929      0.4411238593
      0.4424098391      0.4506570722      0.4756364775      0.4943653693
=== energy_eigen_values ===
 ik =   11 (  0.250000 -0.250000  0.000000 )
     -1.1975110047     -1.1975006444     -1.1961322923     -1.1961277500
     -1.1927528219     -1.1927459426     -0.3980263805     -0.3892813910
     -0.3692445643     -0.3573635869     -0.1015176887     -0.0721914381
     -0.0500788940     -0.0484711127     -0.0386073027     -0.0263911746
      0.0027483374      0.0056196782      0.0262629871      0.0290297072
      0.0341901619      0.0587932288      0.0653593645      0.0692156527
      0.1612539728      0.1717532873      0.1790226926      0.1896030410
      0.1902931740      0.2125996654      0.2222257999      0.2304253672
      0.3821785101      0.3946703006      0.4308449089      0.4322213521
      0.4389420237      0.4396378659      0.4816801387      0.4925070280
=== energy_eigen_values ===
 ik =   12 (  0.275000 -0.275000  0.000000 )
     -1.1984536335     -1.1984440759     -1.1959268629     -1.1959215904
     -1.1929655706     -1.1929605456     -0.3926879762     -0.3842538521
     -0.3667217717     -0.3556584861     -0.1001147824     -0.0758516518
     -0.0545253166     -0.0540281738     -0.0383118891     -0.0344534380
     -0.0016437483      0.0013170926      0.0305226924      0.0310168908
      0.0337997000      0.0538807705      0.0605513469      0.0660714774
      0.1617126684      0.1697629536      0.1766049850      0.1898294692
      0.1942453033      0.2189664002      0.2254496144      0.2346344086
      0.3808326938      0.3915215544      0.4211517555      0.4236541330
      0.4278705427      0.4394974358      0.4888873449      0.4892472509
=== energy_eigen_values ===
 ik =   13 (  0.300000 -0.300000  0.000000 )
     -1.1993748223     -1.1993593245     -1.1957264044     -1.1957199530
     -1.1931804573     -1.1931719640     -0.3872580727     -0.3792051271
     -0.3641571297     -0.3539733597     -0.1004129231     -0.0807905285
     -0.0594901342     -0.0576737100     -0.0422306062     -0.0373107710
     -0.0057347722     -0.0026919212      0.0280369439      0.0346235985
      0.0384717614      0.0492324624      0.0569714732      0.0639432809
      0.1632763346      0.1682683857      0.1745433914      0.1900949842
      0.1985263473      0.2252711410      0.2282833556      0.2384248751
      0.3737662523      0.3898222105      0.4096537556      0.4155486560
      0.4181891728      0.4402310566      0.4845455879      0.4929740545
=== energy_eigen_values ===
 ik =   14 (  0.325000 -0.325000  0.000000 )
     -1.2002430192     -1.2002269439     -1.1955452584     -1.1955306494
     -1.1933831353     -1.1933723888     -0.3818685990     -0.3742560437
     -0.3616078381     -0.3523594205     -0.1023740282     -0.0862072013
     -0.0647423626     -0.0596823039     -0.0495750953     -0.0364838774
     -0.0094591409     -0.0063492308      0.0254255067      0.0384433495
      0.0429189767      0.0449342091      0.0549817565      0.0630764331
      0.1656679455      0.1672994267      0.1729030344      0.1903737271
      0.2028563099      0.2307124632      0.2312780923      0.2417627423
      0.3634446993      0.3894541923      0.3972773910      0.4070730253
      0.4112343892      0.4407558282      0.4783117933      0.4917222884
=== energy_eigen_values ===
 ik =   15 (  0.350000 -0.350000  0.000000 )
     -1.2010406785     -1.2010299959     -1.1953714601     -1.1953559329
     -1.1935670671     -1.1935593427     -0.3766416549     -0.3695599314
     -0.3591385910     -0.3508646696     -0.1055362922     -0.0915897875
     -0.0696622862     -0.0610010000     -0.0563406054     -0.0362644840
     -0.0127729222     -0.0096014994      0.0232839676      0.0410376254
      0.0418788795      0.0470082025      0.0546624617      0.0635544562
      0.1668328887      0.1686335689      0.1716821407      0.1906287299
      0.2069904713      0.2327464060      0.2368050255      0.2446314728
      0.3523489651      0.3830930560      0.3910416721      0.3990179054
      0.4065971278      0.4409115967      0.4707083913      0.4864459290
=== energy_eigen_values ===
 ik =   16 (  0.375000 -0.375000  0.000000 )
     -1.2017425224     -1.2017313412     -1.1952055411     -1.1951975265
     -1.1937260189     -1.1937225890     -0.3717243150     -0.3652573993
     -0.3568127024     -0.3495436063     -0.1092725181     -0.0965999445
     -0.0741040831     -0.0623736426     -0.0620566904     -0.0367023970
     -0.0156337265     -0.0124142878      0.0216593354      0.0375854766
      0.0448448476      0.0506365064      0.0558748014      0.0651429578
      0.1668143054      0.1708664754      0.1719139676      0.1908486260
      0.2107361291      0.2344046837      0.2416946375      0.2470292111
      0.3416823913      0.3702512978      0.3919076787      0.3920463876
      0.4038654370      0.4408483320      0.4621019815      0.4791171371
=== energy_eigen_values ===
 ik =   17 (  0.400000 -0.400000  0.000000 )
     -1.2023435015     -1.2023292052     -1.1950702958     -1.1950613482
     -1.1938628883     -1.1938624015     -0.3673158309     -0.3615049082
     -0.3547144783     -0.3484475013     -0.1130325445     -0.1010233883
     -0.0779506995     -0.0675370134     -0.0630742449     -0.0376183949
     -0.0180142499     -0.0147541469      0.0205408237      0.0345933781
      0.0472872063      0.0536931013      0.0582728568      0.0673445549
      0.1671188053      0.1703966190      0.1752518346      0.1910113800
      0.2139278501      0.2357099582      0.2457986207      0.2489613346
      0.3321854748      0.3578089693      0.3863034235      0.3934998678
      0.4030195251      0.4407013137      0.4529670569      0.4711141335
=== energy_eigen_values ===
 ik =   18 (  0.425000 -0.425000  0.000000 )
     -1.2028373464     -1.2028235319     -1.1949641921     -1.1949503071
     -1.1939775970     -1.1939746267     -0.3636001687     -0.3584584257
     -0.3529229610     -0.3476182201     -0.1163913218     -0.1046789301
     -0.0810816926     -0.0717079347     -0.0640473437     -0.0387262492
     -0.0198844723     -0.0165979115      0.0198702671      0.0321018986
      0.0491808985      0.0561183323      0.0613380216      0.0695662132
      0.1675925706      0.1701782283      0.1783573040      0.1911109948
      0.2164721944      0.2366859349      0.2490315151      0.2504432415
      0.3244549525      0.3466290794      0.3818352910      0.3954740028
      0.4040233528      0.4404944752      0.4437753452      0.4635157405
=== energy_eigen_values ===
 ik =   19 (  0.450000 -0.450000  0.000000 )
     -1.2031847110     -1.2031845162     -1.1948728270     -1.1948708167
     -1.1940598812     -1.1940569697     -0.3607395228     -0.3562144212
     -0.3515230434     -0.3470685281     -0.1190143314     -0.1073967657
     -0.0833937530     -0.0747734527     -0.0648678317     -0.0397360900
     -0.0212375896     -0.0179255094      0.0195634483      0.0301817968
      0.0505241863      0.0578725670      0.0644469728      0.0712748005
      0.1680838764      0.1701240937      0.1809301578      0.1911697306
      0.2183162277      0.2373657576      0.2513673122      0.2514874464
      0.3189577845      0.3375268883      0.3786460270      0.3975822005
      0.4067543243      0.4350244691      0.4402429719      0.4572405620
=== energy_eigen_values ===
 ik =   20 (  0.475000 -0.475000  0.000000 )
     -1.2034039767     -1.2033995940     -1.1948238856     -1.1948224530
     -1.1941096618     -1.1941069120     -0.3589312526     -0.3548588932
     -0.3506129594     -0.3467741383     -0.1206793837     -0.1090884638
     -0.0848123072     -0.0766486396     -0.0654205189     -0.0404351757
     -0.0220533297     -0.0187270127      0.0194774218      0.0289442253
      0.0513249251      0.0589309547      0.0668883870      0.0721781396
      0.1684451805      0.1701405541      0.1826467833      0.1911941235
      0.2194244477      0.2377643749      0.2521085816      0.2527532454
      0.3158370929      0.3313721649      0.3767414985      0.3992605655
      0.4107612697      0.4273389186      0.4399329000      0.4531034156
=== energy_eigen_values ===
 ik =   21 (  0.500000 -0.500000  0.000000 )
     -1.2034697712     -1.2034681716     -1.1948060349     -1.1948055742
     -1.1941262377     -1.1941260959     -0.3583001976     -0.3544081933
     -0.3502844798     -0.3466851498     -0.1212391475     -0.1096577006
     -0.0852880794     -0.0772750519     -0.0656142698     -0.0406855183
     -0.0223260404     -0.0189956021      0.0194733017      0.0285128702
      0.0515857811      0.0592847936      0.0678658750      0.0723965804
      0.1685779220      0.1701564956      0.1832526402      0.1911999331
      0.2197984965      0.2378957590      0.2523180677      0.2532137975
      0.3148789699      0.3291568924      0.3761096722      0.3999232028
      0.4136792595      0.4231935841      0.4397718716      0.4516782476
=== energy_eigen_values ===
 ik =   22 (  0.486111 -0.513889  0.000000 )
     -1.2034457038     -1.2034435819     -1.1948015074     -1.1947999689
     -1.1941850489     -1.1941819954     -0.3581653182     -0.3542816649
     -0.3502014972     -0.3466138828     -0.1208269836     -0.1092693543
     -0.0853451430     -0.0777556832     -0.0654312886     -0.0405803316
     -0.0220957370     -0.0195865460      0.0194223583      0.0288905570
      0.0489816093      0.0567303726      0.0689472705      0.0736901817
      0.1690337715      0.1700440966      0.1832542743      0.1914112971
      0.2202175892      0.2364464696      0.2515765304      0.2536151693
      0.3157222467      0.3296194780      0.3783739819      0.4015917364
      0.4153358776      0.4235823748      0.4399947301      0.4510245678
=== energy_eigen_values ===
 ik =   23 (  0.472222 -0.527778  0.000000 )
     -1.2033609460     -1.2033583477     -1.1947880504     -1.1947861301
     -1.1943551321     -1.1943539910     -0.3577354503     -0.3539219525
     -0.3499326654     -0.3464020884     -0.1195633348     -0.1081066382
     -0.0855337848     -0.0791368735     -0.0648879254     -0.0402839209
     -0.0214320369     -0.0211882361      0.0192576994      0.0298753263
      0.0425510075      0.0506984436      0.0709788349      0.0760594519
      0.1696801741      0.1701670781      0.1834086837      0.1920577858
      0.2214482090      0.2324571346      0.2495172791      0.2547449953
      0.3181234644      0.3310136652      0.3848363681      0.4064847752
      0.4201604392      0.4247832401      0.4391732158      0.4505618902
=== energy_eigen_values ===
 ik =   24 (  0.458333 -0.541667  0.000000 )
     -1.2032219533     -1.2032211671     -1.1947648428     -1.1947638839
     -1.1946379943     -1.1946364402     -0.3570419920     -0.3533465833
     -0.3494987174     -0.3460677625     -0.1174775355     -0.1062016598
     -0.0859057728     -0.0812971381     -0.0639952999     -0.0398310693
     -0.0233836954     -0.0203865202      0.0189536251      0.0311135899
      0.0338992365      0.0427528163      0.0728452328      0.0782615531
      0.1689766558      0.1712350840      0.1842340035      0.1931582610
      0.2233782339      0.2267237899      0.2465644184      0.2564363742
      0.3217446493      0.3333282739      0.3946614999      0.4142562644
      0.4268779717      0.4277396550      0.4342073674      0.4535398664
=== energy_eigen_values ===
 ik =   25 (  0.444444 -0.555556  0.000000 )
     -1.2030303498     -1.2030280711     -1.1950195936     -1.1950179606
     -1.1947368219     -1.1947351102     -0.3561072244     -0.3525817064
     -0.3489172825     -0.3456296123     -0.1145868818     -0.1035981388
     -0.0865294873     -0.0840495383     -0.0627759662     -0.0392820153
     -0.0256697395     -0.0190543847      0.0184783326      0.0238345193
      0.0322151852      0.0335324148      0.0744044541      0.0801325952
      0.1678410653      0.1712508665      0.1864352850      0.1947221392
      0.2201226983      0.2257567790      0.2433405482      0.2584700915
      0.3260978591      0.3365463983      0.4068474111      0.4243256201
      0.4258281491      0.4300663147      0.4375289845      0.4598197854
=== energy_eigen_values ===
 ik =   26 (  0.430556 -0.569444  0.000000 )
     -1.2027891513     -1.2027839723     -1.1954915173     -1.1954831313
     -1.1947053400     -1.1947029515     -0.3549784597     -0.3516730401
     -0.3482184488     -0.3451148393     -0.1109315634     -0.1003608151
     -0.0874653446     -0.0871858052     -0.0612613589     -0.0387224078
     -0.0275983389     -0.0175564989      0.0128837980      0.0178220102
      0.0234499717      0.0328575836      0.0758382879      0.0818029403
      0.1661987426      0.1698581397      0.1900996523      0.1967295572
      0.2133892255      0.2280040842      0.2407486994      0.2605954514
      0.3306214708      0.3406451493      0.4158144487      0.4201883637
      0.4348470385      0.4357816275      0.4488985254      0.4684684603
=== energy_eigen_values ===
 ik =   27 (  0.416667 -0.583333  0.000000 )
     -1.2024972919     -1.2024949132     -1.1960294842     -1.1960245161
     -1.1946700089     -1.1946676066     -0.3537147335     -0.3506775330
     -0.3474199063     -0.3445661459     -0.1065596407     -0.0965874614
     -0.0904812414     -0.0887411015     -0.0594733897     -0.0382490986
     -0.0288350645     -0.0160365809      0.0014955192      0.0128597379
      0.0170182113      0.0328440223      0.0773794499      0.0834578989
      0.1640457953      0.1673676201      0.1946847136      0.1991202886
      0.2070482841      0.2288931051      0.2402331227      0.2625279743
      0.3347889432      0.3455598179      0.4054233401      0.4323199582
      0.4429897571      0.4463217805      0.4610806926      0.4720353183
=== energy_eigen_values ===
 ik =   28 (  0.402778 -0.597222  0.000000 )
     -1.2021655122     -1.2021627269     -1.1966075318     -1.1966064829
     -1.1946273745     -1.1946210529     -0.3523522557     -0.3496488655
     -0.3465632465     -0.3440183167     -0.1015242514     -0.0937271969
     -0.0923982227     -0.0902999992     -0.0574452153     -0.0380260706
     -0.0291923730     -0.0146985731     -0.0098563297      0.0021292752
      0.0161964777      0.0320728267      0.0791763897      0.0852398410
      0.1614448173      0.1641739893      0.1996330919      0.2014793957
      0.2017958480      0.2279290994      0.2423691223      0.2640110805
      0.3380671283      0.3512253334      0.3957007160      0.4411330674
      0.4466749351      0.4560240761      0.4706621378      0.4729006641
=== energy_eigen_values ===
 ik =   29 (  0.388889 -0.611111  0.000000 )
     -1.2017967636     -1.2017926221     -1.1972141249     -1.1972111155
     -1.1945863646     -1.1945759810     -0.3509751580     -0.3486657314
     -0.3456975368     -0.3435220142     -0.0967272352     -0.0959078296
     -0.0920125910     -0.0879575837     -0.0552128098     -0.0384410856
     -0.0286164669     -0.0205189457     -0.0138163369     -0.0083615041
      0.0155821506      0.0305573050      0.0812670168      0.0872075206
      0.1585395412      0.1606123360      0.1969055642      0.2044695304
      0.2046322938      0.2263334767      0.2458633707      0.2648240041
      0.3399258826      0.3575244305      0.3876209694      0.4358466370
      0.4490719615      0.4707744071      0.4799767249      0.4821611417
=== energy_eigen_values ===
 ik =   30 (  0.375000 -0.625000  0.000000 )
     -1.2014095632     -1.2014059311     -1.1978189920     -1.1978062919
     -1.1945498203     -1.1945449037     -0.3496681073     -0.3478339696
     -0.3448636872     -0.3431309793     -0.0993012915     -0.0936921593
     -0.0898354148     -0.0835208943     -0.0528320886     -0.0408347432
     -0.0288674657     -0.0271686083     -0.0181678297     -0.0137066076
      0.0154845972      0.0283935626      0.0835359709      0.0893018736
      0.1555737224      0.1570193858      0.1934348786      0.2074608099
      0.2087498431      0.2249632039      0.2497185286      0.2648249989
      0.3400086248      0.3642704632      0.3820621841      0.4233899481
      0.4574509337      0.4847140115      0.4857806713      0.4896480833
=== energy_eigen_values ===
 ik =   31 (  0.361111 -0.638889  0.000000 )
     -1.2010237712     -1.2010202924     -1.1983768956     -1.1983680264
     -1.1945144689     -1.1945129080     -0.3485190532     -0.3472256141
     -0.3441149095     -0.3428907357     -0.1012915629     -0.0951230463
     -0.0835425146     -0.0794491170     -0.0504510098     -0.0470730656
     -0.0326397200     -0.0266488286     -0.0249838307     -0.0146007093
      0.0161843567      0.0257525236      0.0857032685      0.0913151409
      0.1529129658      0.1538248081      0.1910825147      0.2100897997
      0.2120102856      0.2240486866      0.2534885486      0.2639682865
      0.3385944466      0.3711643906      0.3792974039      0.4115386879
      0.4662244941      0.4853499688      0.4956566601      0.4973247657
=== energy_eigen_values ===
 ik =   32 (  0.347222 -0.652778  0.000000 )
     -1.2006890186     -1.2006877975     -1.1988195735     -1.1988132309
     -1.1944944721     -1.1944893634     -0.3476143330     -0.3469256546
     -0.3434993305     -0.3428522533     -0.1025610954     -0.0961079882
     -0.0776998790     -0.0763041647     -0.0543345727     -0.0485441551
     -0.0338444366     -0.0326442009     -0.0222617608     -0.0165158604
      0.0177509303      0.0228775430      0.0873442755      0.0928678672
      0.1510345024      0.1514963656      0.1897762775      0.2122815532
      0.2138002651      0.2235896298      0.2569293535      0.2622865854
      0.3368085204      0.3773911275      0.3788218316      0.4015471179
      0.4745819333      0.4832113866      0.5008619348      0.5026933025
=== energy_eigen_values ===
 ik =   33 (  0.333333 -0.666667  0.000000 )
     -1.2005424762     -1.2005424762     -1.1990050278     -1.1989974235
     -1.1944822436     -1.1944822436     -0.3470402770     -0.3470402770
     -0.3430629450     -0.3430629450     -0.1030042095     -0.0964747488
     -0.0748870023     -0.0748870023     -0.0579747299     -0.0479279770
     -0.0344498176     -0.0344498176     -0.0192544193     -0.0192544193
      0.0200755077      0.0200755077      0.0879767671      0.0934861199
      0.1504787528      0.1504787528      0.1893857800      0.2137592367
      0.2137592367      0.2234699823      0.2598954345      0.2598954346
      0.3359801073      0.3797512902      0.3797512946      0.3969066400
      0.4802792068      0.4803030662      0.5014366451      0.5064036272
=== energy_eigen_values ===
 ik =   34 (  0.319444 -0.638889  0.000000 )
     -1.2006745617     -1.2006731292     -1.1988317197     -1.1988304580
     -1.1944952375     -1.1944938882     -0.3476723524     -0.3469345035
     -0.3435503237     -0.3428210306     -0.1025378669     -0.0960701890
     -0.0779928828     -0.0757530168     -0.0545463482     -0.0478559341
     -0.0349611264     -0.0322453973     -0.0225145638     -0.0162939266
      0.0177584852      0.0229544830      0.0872838467      0.0927824042
      0.1509874302      0.1516350782      0.1897048351      0.2117642849
      0.2142323057      0.2235286528      0.2569552377      0.2623069759
      0.3369989182      0.3755037197      0.3815687710      0.4006176071
      0.4767964325      0.4805731212      0.5012874492      0.5022313749
=== energy_eigen_values ===
 ik =   35 (  0.305556 -0.611111  0.000000 )
     -1.2009239590     -1.2009148207     -1.1984462496     -1.1984394736
     -1.1945226385     -1.1945202217     -0.3488617669     -0.3473345021
     -0.3443319743     -0.3428253983     -0.1011081695     -0.0947999864
     -0.0832446045     -0.0783513698     -0.0476369387     -0.0468400382
     -0.0355257391     -0.0279836684     -0.0260027962     -0.0138429428
      0.0164388505      0.0261851415      0.0852917708      0.0906860107
      0.1528341489      0.1545397232      0.1905051787      0.2080129825
      0.2134405607      0.2235791929      0.2537056357      0.2641549588
      0.3401613716      0.3700331856      0.3839820786      0.4076158183
      0.4728256137      0.4769661334      0.4963938743      0.4982278014
=== energy_eigen_values ===
 ik =   36 (  0.291667 -0.583333  0.000000 )
     -1.2011426280     -1.2011378363     -1.1979721789     -1.1979662037
     -1.1945646287     -1.1945581174     -0.3506456616     -0.3483098688
     -0.3454277738     -0.3430749582     -0.0986888396     -0.0926009512
     -0.0881311789     -0.0814970367     -0.0449971412     -0.0397464786
     -0.0361902496     -0.0294774999     -0.0227655102     -0.0123630681
      0.0166599651      0.0296010033      0.0823280391      0.0874627034
      0.1554551683      0.1588496274      0.1915090434      0.2029913462
      0.2112183021      0.2234357818      0.2503898015      0.2654557207
      0.3453294937      0.3659832180      0.3869839301      0.4154699781
      0.4684415286      0.4722799004      0.4898011950      0.4920758206
=== energy_eigen_values ===
 ik =   37 (  0.277778 -0.555556  0.000000 )
     -1.2012928381     -1.2012876762     -1.1974623494     -1.1974583126
     -1.1946320750     -1.1946228159     -0.3530825131     -0.3499206111
     -0.3468272500     -0.3435868045     -0.0952854555     -0.0920695717
     -0.0894446002     -0.0843030998     -0.0428341938     -0.0372467336
     -0.0327339368     -0.0313243904     -0.0170809995     -0.0120316821
      0.0186332731      0.0330606691      0.0788577466      0.0835493547
      0.1580843611      0.1640160862      0.1924070581      0.1973465978
      0.2075767342      0.2229329372      0.2472597515      0.2662280326
      0.3521342695      0.3639995726      0.3906408188      0.4237164638
      0.4638108320      0.4676853329      0.4832387473      0.4849311829
=== energy_eigen_values ===
 ik =   38 (  0.263889 -0.527778  0.000000 )
     -1.2013294773     -1.2013199948     -1.1969456613     -1.1969406681
     -1.1947157688     -1.1947046533     -0.3561414881     -0.3521510515
     -0.3485082958     -0.3443416938     -0.0948976423     -0.0909343534
     -0.0862663398     -0.0853216998     -0.0406895240     -0.0384384693
     -0.0355983159     -0.0229397779     -0.0125431735     -0.0112169315
      0.0220944306      0.0364426253      0.0753140970      0.0793743669
      0.1599221367      0.1694976294      0.1918187147      0.1929014299
      0.2027521789      0.2219540021      0.2445631852      0.2664880587
      0.3601371899      0.3641883089      0.3951236127      0.4323025551
      0.4592171227      0.4636499083      0.4771798022      0.4780449530
=== energy_eigen_values ===
 ik =   39 (  0.250000 -0.500000  0.000000 )
     -1.2012527595     -1.2012465942     -1.1964306618     -1.1964261707
     -1.1948213548     -1.1948098625     -0.3598058470     -0.3550195585
     -0.3504488773     -0.3453257950     -0.0966399090     -0.0872027890
     -0.0857051947     -0.0802629839     -0.0399855494     -0.0388150186
     -0.0379309408     -0.0146225294     -0.0133972463     -0.0053675805
      0.0265573993      0.0396511089      0.0720279877      0.0752951784
      0.1602770399      0.1748064421      0.1871408773      0.1927564955
      0.1971630611      0.2204382184      0.2424432883      0.2662037906
      0.3663652402      0.3688578556      0.4004965085      0.4412334786
      0.4549671262      0.4603089180      0.4720443947      0.4721848369
=== energy_eigen_values ===
 ik =   40 (  0.236111 -0.472222  0.000000 )
     -1.2010524480     -1.2010486198     -1.1959241242     -1.1959202833
     -1.1949450198     -1.1949361894     -0.3639918014     -0.3584658941
     -0.3526047388     -0.3465250921     -0.0973973315     -0.0870446299
     -0.0797039539     -0.0743237369     -0.0418598609     -0.0395936158
     -0.0374216101     -0.0141758567     -0.0065580267      0.0003438299
      0.0316055355      0.0425925597      0.0692221270      0.0715771050
      0.1589000031      0.1795158498      0.1837446536      0.1914064115
      0.1918721404      0.2183903261      0.2408982584      0.2653181562
      0.3702814890      0.3778220982      0.4066079758      0.4503854508
      0.4513566588      0.4576980956      0.4674292857      0.4688456603
=== energy_eigen_values ===
 ik =   41 (  0.222222 -0.444444  0.000000 )
     -1.2007318985     -1.2007278605     -1.1954252462     -1.1954234447
     -1.1950892240     -1.1950777390     -0.3686228583     -0.3624091934
     -0.3549254558     -0.3478949178     -0.0973756228     -0.0858120354
     -0.0730924617     -0.0675761574     -0.0439711762     -0.0404307847
     -0.0367044169     -0.0145865815      0.0010497001      0.0058334682
      0.0369480496      0.0451978545      0.0670100104      0.0683947901
      0.1563246577      0.1814255948      0.1825829948      0.1868296268
      0.1903130662      0.2158651173      0.2397548778      0.2637362714
      0.3756162285      0.3865422462      0.4128827579      0.4486308141
      0.4558268546      0.4593490060      0.4645432997      0.4678200545
=== energy_eigen_values ===
 ik =   42 (  0.208333 -0.416667  0.000000 )
     -1.2003082568     -1.2003071186     -1.1952451772     -1.1952404941
     -1.1949560183     -1.1949545388     -0.3736004446     -0.3667707549
     -0.3574004848     -0.3494175683     -0.0968732019     -0.0836120934
     -0.0661602049     -0.0601297056     -0.0460944875     -0.0402287456
     -0.0368004230     -0.0144601494      0.0079439195      0.0110121280
      0.0423802899      0.0473992257      0.0654422649      0.0658426488
      0.1535327527      0.1796587038      0.1800194047      0.1877938963
      0.1882623380      0.2129503514      0.2387058472      0.2613712326
      0.3819657763      0.3944148672      0.4184702843      0.4469658831
      0.4548288570      0.4634747790      0.4670431501      0.4695146409
=== energy_eigen_values ===
 ik =   43 (  0.194444 -0.388889  0.000000 )
     -1.1997774800     -1.1997720826     -1.1954237096     -1.1954168069
     -1.1945020802     -1.1945007034     -0.3788129821     -0.3714398348
     -0.3599478964     -0.3510501050     -0.0962902691     -0.0806041231
     -0.0593569915     -0.0521019172     -0.0478775169     -0.0386063467
     -0.0376977739     -0.0136661165      0.0137986223      0.0157160893
      0.0477691560      0.0491596785      0.0640438529      0.0645778735
      0.1513663411      0.1766285686      0.1781163373      0.1859794927
      0.1898999456      0.2097672927      0.2374374616      0.2581546165
      0.3889771749      0.4005171974      0.4231841238      0.4465148646
      0.4550437822      0.4640886078      0.4716573794      0.4726011540
=== energy_eigen_values ===
 ik =   44 (  0.180556 -0.361111  0.000000 )
     -1.1991457837     -1.1991424641     -1.1956093811     -1.1956028218
     -1.1940736890     -1.1940731120     -0.3841517729     -0.3763064163
     -0.3625348879     -0.3527446201     -0.0961091079     -0.0770452392
     -0.0533725315     -0.0488318553     -0.0436473944     -0.0392146027
     -0.0350000386     -0.0121169441      0.0182087271      0.0196105608
      0.0504513849      0.0530069249      0.0632327109      0.0645399332
      0.1503065726      0.1745295176      0.1767855573      0.1837009382
      0.1913434747      0.2064351893      0.2356767660      0.2540804907
      0.3960519066      0.4036917673      0.4279667750      0.4473308588
      0.4567719994      0.4661106292      0.4712372116      0.4722620653
=== energy_eigen_values ===
 ik =   45 (  0.166667 -0.333333  0.000000 )
     -1.1984392608     -1.1984375742     -1.1958080172     -1.1958078115
     -1.1936740161     -1.1936703624     -0.3895093808     -0.3812694492
     -0.3651265397     -0.3544788479     -0.0967856226     -0.0733497257
     -0.0486417074     -0.0484889156     -0.0409287172     -0.0349628795
     -0.0291354710     -0.0097397085      0.0208133441      0.0221877366
      0.0512646310      0.0580048593      0.0638243607      0.0654793161
      0.1505382685      0.1739170200      0.1758269197      0.1816293072
      0.1921111533      0.2030714377      0.2332569815      0.2491909956
      0.4023060890      0.4033972333      0.4333800450      0.4493989545
      0.4601705060      0.4662073203      0.4681251193      0.4693152805
=== energy_eigen_values ===
 ik =   46 (  0.152778 -0.305556  0.000000 )
     -1.1976751736     -1.1976681394     -1.1960076836     -1.1959987621
     -1.1933037871     -1.1932983460     -0.3947888031     -0.3862239060
     -0.3676605211     -0.3562044581     -0.0985509306     -0.0702125204
     -0.0465980123     -0.0447849025     -0.0420725240     -0.0262876034
     -0.0215839907     -0.0064502156      0.0214907228      0.0230042327
      0.0516184473      0.0626987019      0.0662171255      0.0673819347
      0.1520182695      0.1747059155      0.1754699468      0.1799429634
      0.1923534181      0.1998002450      0.2301281760      0.2435956900
      0.4001251882      0.4062188961      0.4385850543      0.4525988312
      0.4600897045      0.4637697742      0.4652038220      0.4735096523
=== energy_eigen_values ===
 ik =   47 (  0.138889 -0.277778  0.000000 )
     -1.1968670053     -1.1968603057     -1.1962077963     -1.1961969848
     -1.1929630319     -1.1929588363     -0.3999037413     -0.3910664835
     -0.3701059582     -0.3578999493     -0.1013258001     -0.0686086990
     -0.0432319695     -0.0415994069     -0.0411763393     -0.0179131225
     -0.0132068988     -0.0021709437      0.0205033644      0.0220623733
      0.0515351247      0.0670303158      0.0699373665      0.0704146834
      0.1546066746      0.1759047347      0.1766580297      0.1787746369
      0.1922144986      0.1967331901      0.2263389036      0.2374478034
      0.3943800734      0.4055771868      0.4420367837      0.4566058617
      0.4567561212      0.4617120378      0.4716206842      0.4785101548
=== energy_eigen_values ===
 ik =   48 (  0.125000 -0.250000  0.000000 )
     -1.1964070166     -1.1963976093     -1.1960406112     -1.1960405640
     -1.1926600983     -1.1926567767     -0.4047866688     -0.3957276029
     -0.3724260804     -0.3595294141     -0.1048199257     -0.0691254251
     -0.0388743730     -0.0386980202     -0.0374634548     -0.0101128718
     -0.0046258033      0.0031295265      0.0183330822      0.0198033989
      0.0510529046      0.0709329545      0.0726674017      0.0759908804
      0.1581454371      0.1772017741      0.1782272438      0.1794567795
      0.1918697274      0.1939842184      0.2220135123      0.2309444333
      0.3865330882      0.3994704946      0.4428955618      0.4579495115
      0.4606455903      0.4630931149      0.4787278586      0.4843161108
=== energy_eigen_values ===
 ik =   49 (  0.111111 -0.222222  0.000000 )
     -1.1965992843     -1.1965882971     -1.1952243499     -1.1952215181
     -1.1923850395     -1.1923824449     -0.4093450537     -0.4001119528
     -0.3745874703     -0.3610641252     -0.1086931014     -0.0713171367
     -0.0343127876     -0.0335227291     -0.0333599810     -0.0029694924
      0.0037447255      0.0092494099      0.0154814061      0.0167922487
      0.0502216757      0.0743259646      0.0751528640      0.0823820406
      0.1625336807      0.1783780020      0.1792734225      0.1827723693
      0.1914941348      0.1916724881      0.2173319788      0.2243195415
      0.3769842490      0.3895949964      0.4425383361      0.4624864086
      0.4630014881      0.4665655066      0.4851323025      0.4903856148
=== energy_eigen_values ===
 ik =   50 (  0.097222 -0.194444  0.000000 )
     -1.1967764058     -1.1967636758     -1.1944335627     -1.1944275394
     -1.1921401883     -1.1921386232     -0.4135037726     -0.4041396187
     -0.3765637278     -0.3624746555     -0.1126450346     -0.0743568460
     -0.0293657933     -0.0287430028     -0.0275809056      0.0037176467
      0.0115846554      0.0123554687      0.0134916469      0.0156910719
      0.0490879019      0.0770999267      0.0771315646      0.0890808367
      0.1676688445      0.1792686294      0.1819015502      0.1862923706
      0.1899141762      0.1912319105      0.2125026544      0.2178234926
      0.3663620410      0.3780399920      0.4422545413      0.4611741662
      0.4686438712      0.4706801058      0.4881473208      0.4920945761
=== energy_eigen_values ===
 ik =   51 (  0.083333 -0.166667  0.000000 )
     -1.1969488982     -1.1969309205     -1.1936974756     -1.1936910829
     -1.1919318453     -1.1919313694     -0.4172361299     -0.4077760524
     -0.3783358447     -0.3637497637     -0.1164462500     -0.0776504764
     -0.0250764841     -0.0228352464     -0.0217025095      0.0092430842
      0.0101933342      0.0102271309      0.0186426746      0.0218904251
      0.0477140612      0.0785200485      0.0791103563      0.0956587544
      0.1733953228      0.1808662569      0.1847964190      0.1888040259
      0.1897024833      0.1912531918      0.2077442298      0.2117015580
      0.3552949513      0.3661377920      0.4423211838      0.4548749974
      0.4749077322      0.4755141697      0.4794435380      0.4951364651
=== energy_eigen_values ===
 ik =   52 (  0.069444 -0.138889  0.000000 )
     -1.1970948469     -1.1970777129     -1.1930273058     -1.1930197120
     -1.1917580211     -1.1917535719     -0.4204700525     -0.4109393669
     -0.3798657640     -0.3648646589     -0.1199157439     -0.0808196657
     -0.0207804078     -0.0170518472     -0.0160246198      0.0063568551
      0.0072195096      0.0165741661      0.0247315728      0.0274312057
      0.0461689627      0.0793760080      0.0802215293      0.1017653022
      0.1794576002      0.1830641583      0.1877000879      0.1883952252
      0.1913558250      0.1930752214      0.2032696635      0.2061962914
      0.3444118481      0.3547215193      0.4426006627      0.4462173411
      0.4680938609      0.4792142659      0.4827444186      0.4979085557
=== energy_eigen_values ===
 ik =   53 (  0.055556 -0.111111  0.000000 )
     -1.1972202587     -1.1972023688     -1.1924560281     -1.1924439783
     -1.1916127751     -1.1916084410     -0.4231792174     -0.4135963062
     -0.3811455485     -0.3657935526     -0.1229134774     -0.0836475901
     -0.0166708418     -0.0117590452     -0.0108517847      0.0038409488
      0.0046137230      0.0227874868      0.0297247860      0.0320743255
      0.0445429958      0.0798179757      0.0803449500      0.1070894550
      0.1854161185      0.1856368512      0.1886494089      0.1904497997
      0.1920015881      0.1957837419      0.1992983286      0.2015013614
      0.3342784600      0.3443915853      0.4371059599      0.4428619012
      0.4571373029      0.4835967656      0.4900075935      0.4997724887
=== energy_eigen_values ===
 ik =   54 (  0.041667 -0.083333  0.000000 )
     -1.1973112052     -1.1973028320     -1.1919817470     -1.1919763384
     -1.1915021483     -1.1914951406     -0.4253226658     -0.4156946320
     -0.3821410362     -0.3665314992     -0.1253412260     -0.0859591449
     -0.0129839558     -0.0072608302     -0.0064633677      0.0017981585
      0.0025097008      0.0285991584      0.0335671643      0.0356981899
      0.0429657920      0.0795531311      0.0799875152      0.1114118922
      0.1882783333      0.1893931574      0.1904227565      0.1928615341
      0.1932709239      0.1960048604      0.1977597381      0.1979695664
      0.3254591089      0.3356717551      0.4287997424      0.4429730484
      0.4476113602      0.4879005566      0.4970237200      0.5007900101
=== energy_eigen_values ===
 ik =   55 (  0.027778 -0.055556  0.000000 )
     -1.1973906200     -1.1973796454     -1.1916390284     -1.1916385418
     -1.1914224682     -1.1914152028     -0.4268752483     -0.4172187612
     -0.3828753433     -0.3670760680     -0.1271306754     -0.0876862633
     -0.0100145103     -0.0038286249     -0.0031147892      0.0002946508
      0.0009681703      0.0335822261      0.0362683747      0.0382724394
      0.0415973601      0.0781678627      0.0800098588      0.1145668318
      0.1903218681      0.1905750461      0.1931560879      0.1935502542
      0.1937771141      0.1950461517      0.1968229172      0.1995315332
      0.3185304730      0.3290041807      0.4221854817      0.4401810599
      0.4429265725      0.4917379841      0.4990010184      0.5012833817
=== energy_eigen_values ===
 ik =   56 (  0.013889 -0.027778  0.000000 )
     -1.1974320140     -1.1974237399     -1.1914309155     -1.1914230906
     -1.1913755887     -1.1913660615     -0.4278130095     -0.4181418745
     -0.3833061500     -0.3674021744     -0.1282221409     -0.0887394387
     -0.0080600881     -0.0016738839     -0.0010176656     -0.0006168438
      0.0000288186      0.0370970632      0.0378640541      0.0398050635
      0.0406510411      0.0768086043      0.0799824943      0.1164851837
      0.1911015420      0.1918061539      0.1923831871      0.1933912544
      0.1943846465      0.1944933781      0.1997016691      0.2004529390
      0.3140595359      0.3248221965      0.4179335784      0.4354884134
      0.4428169763      0.4944501947      0.4963708639      0.5015023602
=== energy_eigen_values ===
 ik =   57 (  0.000000  0.000000  0.000000 )
     -1.1974419923     -1.1974385720     -1.1913595839     -1.1913595839
     -1.1913491751     -1.1913491751     -0.4281266287     -0.4184481410
     -0.3834503611     -0.3675106274     -0.1285888367     -0.0890967728
     -0.0073752265     -0.0009366045     -0.0009366045     -0.0002887162
     -0.0002887162      0.0383913477      0.0383913477      0.0403152230
      0.0403152230      0.0762298220      0.0799671015      0.1171279631
      0.1914242966      0.1914242966      0.1928148893      0.1928148893
      0.1947673103      0.1947673103      0.2007550941      0.2007550941
      0.3125109699      0.3233931471      0.4164663717      0.4338829356
      0.4427659262      0.4954379867      0.4954557426      0.5015551529
