 --- primitive lattice vectors ---
  13.6627189232   0.0000000000   0.0000000000
   0.0000000000  13.6627189232   0.0000000000
   0.0000000000   0.0000000000  37.7945198430
 --- Equilibrium position and mass of each atom---
 Natom=   38
     1   0.0000000000   0.0000000000   0.0000000000   115836.56299 Cu  
     2   3.4156797310   3.4156797310   0.0000000000   115836.56299 Cu  
     3   0.0000000000   6.8313594620   0.0000000000   115836.56299 Cu  
     4   3.4156797310  10.2470391920   0.0000000000   115836.56299 Cu  
     5   6.8313594620   0.0000000000   0.0000000000   115836.56299 Cu  
     6  10.2470391920   3.4156797310   0.0000000000   115836.56299 Cu  
     7   6.8313594620   6.8313594620   0.0000000000   115836.56299 Cu  
     8  10.2470391920  10.2470391920   0.0000000000   115836.56299 Cu  
     9  -0.0105539690   3.4250527580   3.4304899660   115836.56299 Cu  
    10   3.4154809680  -0.0000002120   3.4211563700   115836.56299 Cu  
    11  -0.0105785080  10.2376469440   3.4304828490   115836.56299 Cu  
    12   3.4141717960   6.8313588940   3.4381838190   115836.56299 Cu  
    13   6.8407517020   3.4251595990   3.4290711710   115836.56299 Cu  
    14  10.2474426530  -0.0000327840   3.4419435460   115836.56299 Cu  
    15   6.8407549980  10.2375454470   3.4291245390   115836.56299 Cu  
    16  10.2461766780   6.8313499530   3.4215820540   115836.56299 Cu  
    17   6.8461934850   0.0000605030   6.9154060230   115836.56299 Cu  
    18  13.6489730830  13.6626477910   6.9159351950   115836.56299 Cu  
    19   3.4155663480   3.4250299370   6.9399004470   115836.56299 Cu  
    20   3.4154622580  10.2376870790   6.9399206940   115836.56299 Cu  
    21   6.8775408330   6.8313423750   6.9977723670   115836.56299 Cu  
    22  13.6107828800   6.8312944070   7.0030400540   115836.56299 Cu  
    23  10.2463033660   3.4789378640   7.0201046930   115836.56299 Cu  
    24  10.2463276750  10.1836346690   7.0201345090   115836.56299 Cu  
    25  10.2450759720  13.6625956530  10.3309288780   115836.56299 Cu  
    26   3.4097579540   6.8313803180  10.3433521370   115836.56299 Cu  
    27   6.7887501710  10.2917847410  10.3561715780   115836.56299 Cu  
    28   6.7889503030   3.3711052700  10.3564630740   115836.56299 Cu  
    29   0.0439706960   3.3622539810  10.3580183210   115836.56299 Cu  
    30   0.0436240550  10.3002323260  10.3583451750   115836.56299 Cu  
    31   3.4218837890  13.6626701180  10.3674806560   115836.56299 Cu  
    32  10.2533047130   6.8314060450  10.8313214600   115836.56299 Cu  
    33  10.1983246560   5.5243260570  14.8621270400    21894.57964 C   
    34  10.2063656220   8.1354406310  14.8629589710    21894.57964 C   
    35   8.4303308550   4.4573304150  15.0571816600     1837.35098 H   
    36   8.4451480870   9.2127582140  15.0580893850     1837.35098 H   
    37  11.9545709460   4.4455517140  15.0893256280     1837.35098 H   
    38  11.9690221000   9.2028380540  15.0909105020     1837.35098 H   
 --- Vibrational modes ---
 Nmode=   42 Natom=   38
 n=     1 A   IR&R
     hbarW= -0.36329834E-03 Ha = -0.98858507E-02 eV; nu= -0.79734772E+02 cm^-1
    25   0.0013959400  0.0000363829 -0.0012406821
    26   0.0005998421  0.0045740645  0.0021264363
    27  -0.0392432849  0.0286679125 -0.0792038418
    28   0.0364144681  0.0244844471  0.0746540604
    29   0.0405346593 -0.0220352097 -0.0744485486
    30  -0.0400401252 -0.0255516036  0.0804906576
    31  -0.0022262894 -0.0008758684  0.0014651159
    32  -0.0011071713  0.0022366292 -0.0010860803
    33  -0.5112623538 -0.0013702709 -0.0049647449
    34   0.5020543147 -0.0044130717  0.0034699073
    35  -0.2697603463  0.2019868161  0.0016851166
    36   0.2687772141  0.2012567371 -0.0042000067
    37  -0.2707697741 -0.2013792573 -0.0080805665
    38   0.2676446362 -0.2047569379  0.0089592182
 n=     2 A   IR&R
     hbarW= -0.25202306E-03 Ha = -0.68578963E-02 eV; nu= -0.55312670E+02 cm^-1
    25   0.0027423460  0.3684144416 -0.0050178881
    26   0.0020257384  0.3496758381 -0.0002847204
    27   0.3547742475  0.0113005566 -0.0181104881
    28  -0.3524318413  0.0075317028  0.0172344201
    29   0.3525333260  0.0126291676  0.0229377799
    30  -0.3540951632  0.0074721105 -0.0155877767
    31  -0.0025154300 -0.3562532929 -0.0007739272
    32  -0.0016341149 -0.3141082183 -0.0008805341
    33   0.0010347684 -0.0772364717  0.0187123450
    34  -0.0020093161 -0.0771758656 -0.0196453285
    35   0.0006504554 -0.0221384143  0.0089122515
    36  -0.0009496043 -0.0221291769 -0.0092776493
    37   0.0007366775 -0.0207336447  0.0091672957
    38  -0.0010003475 -0.0207693008 -0.0091500092
 n=     3 A   IR&R
     hbarW= -0.22483510E-03 Ha = -0.61180743E-02 eV; nu= -0.49345602E+02 cm^-1
    25  -0.3589454778  0.0026117017 -0.0020848707
    26  -0.3436134596  0.0019908271  0.0104535894
    27  -0.0096005446 -0.3510249854 -0.0204866768
    28  -0.0134052448  0.3520935468 -0.0311519116
    29  -0.0094103162 -0.3513335773  0.0230394452
    30  -0.0142114545  0.3496391013  0.0288259983
    31   0.3539925102 -0.0024123051 -0.0057104525
    32   0.3233075036 -0.0029426890  0.0059110914
    33   0.1043477103  0.0001713332  0.0031044473
    34   0.1102343215  0.0000615456  0.0029352248
    35   0.0288850470  0.0014270149 -0.0036855938
    36   0.0319938392  0.0009663063 -0.0038636573
    37   0.0288143975 -0.0013614393  0.0053420949
    38   0.0319342309 -0.0008897992  0.0053441559
 n=     4 A   IR&R
     hbarW= -0.25936462E-04 Ha = -0.70576703E-03 eV; nu= -0.56923956E+01 cm^-1
    25   0.0302030806  0.3345314638 -0.0488542069
    26   0.0289546053  0.3349728561 -0.0306123484
    27   0.0281832226  0.3406460326 -0.0778146551
    28   0.0274152441  0.3413449590 -0.0008190422
    29   0.0335685447  0.3402864329  0.0293056979
    30   0.0326342778  0.3412732700 -0.0823129390
    31   0.0306154374  0.3454601445 -0.0265749339
    32   0.0301222723  0.3557772102 -0.0429055916
    33   0.0085643802  0.1262530079 -0.0274787272
    34   0.0081436870  0.1262386263 -0.0078112389
    35   0.0024517570  0.0360436581 -0.0101521730
    36   0.0022139275  0.0360012116 -0.0013279949
    37   0.0024034594  0.0360654050 -0.0089614655
    38   0.0021950540  0.0362605961 -0.0004045226
 n=     5 A   IR&R
     hbarW= -0.14018367E-04 Ha = -0.38145917E-03 eV; nu= -0.30766760E+01 cm^-1
    25  -0.0550295384  0.0391953752  0.3532265121
    26  -0.0685332091  0.0429356393  0.3412903533
    27  -0.0523752548  0.0440801799  0.3072125017
    28  -0.0535489739  0.0388798660  0.3005325755
    29  -0.0632008226  0.0365133230  0.3322094058
    30  -0.0625995192  0.0476912055  0.3645137040
    31  -0.0584550196  0.0406091912  0.3178176081
    32  -0.0534173994  0.0429458274  0.3511985651
    33  -0.0647836285  0.0123087043  0.1491072343
    34  -0.0690416351  0.0115793203  0.1546445651
    35  -0.0188413478  0.0027483407  0.0382748041
    36  -0.0210735367  0.0023109378  0.0410206953
    37  -0.0188822480  0.0043582602  0.0476243001
    38  -0.0211475849  0.0039847473  0.0505226119
 n=     6 A   IR&R
     hbarW= -0.11510775E-04 Ha = -0.31322412E-03 eV; nu= -0.25263232E+01 cm^-1
    25  -0.3361671155  0.0204578945 -0.0984163012
    26  -0.3452803846  0.0251777589 -0.0464759569
    27  -0.3371569571  0.0166093240 -0.0594015214
    28  -0.3374054616  0.0293914853 -0.0786685987
    29  -0.3271038574  0.0182925903 -0.0726218925
    30  -0.3268433833  0.0287063658 -0.0464636562
    31  -0.3265904040  0.0215202155 -0.0406333694
    32  -0.3206507511  0.0241714978 -0.0875511295
    33  -0.1719180987  0.0051471947 -0.0391380986
    34  -0.1759789843  0.0051151782 -0.0355210292
    35  -0.0496750241  0.0004255623 -0.0160313263
    36  -0.0517893686  0.0008422605 -0.0138467343
    37  -0.0497129741  0.0023855819 -0.0080996353
    38  -0.0518703529  0.0019908207 -0.0060485019
 n=     7 A   IR&R
     hbarW=  0.94503092E-04 Ha =  0.25715599E-02 eV; nu=  0.20741032E+02 cm^-1
    25  -0.1163543107  0.0116346013  0.0084832001
    26   0.0591887008  0.0004291863  0.0419795746
    27  -0.1023007890  0.0367112909  0.2167172062
    28  -0.1020381147 -0.0275033959  0.2786764724
    29  -0.0934597428  0.0366311144 -0.1707515331
    30  -0.0971359912 -0.0296681468 -0.2374747012
    31  -0.1090299696  0.0074295479  0.0488960183
    32  -0.1579196669  0.0038521273  0.0023610300
    33   0.5288862580  0.0144118805  0.0118890172
    34   0.5368854940  0.0145374081  0.0047252799
    35   0.1600569256  0.0044626572  0.0632824245
    36   0.1641583751  0.0071220278  0.0584102057
    37   0.1610451180  0.0040297039 -0.0536239551
    38   0.1653388336  0.0015520551 -0.0581024212
 n=     8 A   IR&R
     hbarW=  0.13860938E-03 Ha =  0.37717530E-02 eV; nu=  0.30421243E+02 cm^-1
    25   0.0217949436 -0.0055898815 -0.7528932180
    26   0.0138426189 -0.0054405506  0.4796789676
    27  -0.0732421601 -0.0315083068  0.1046330803
    28  -0.0691937656  0.0188315003  0.0756028861
    29   0.0993689869  0.0251247360  0.1263373110
    30   0.1031351377 -0.0340754711  0.1839307166
    31   0.0082381834 -0.0053101527  0.1848523163
    32   0.0127680518 -0.0065649044 -0.2338254848
    33   0.0109673674  0.0010783382 -0.0735808119
    34   0.0052765988 -0.0009885595 -0.0730503089
    35   0.0034482645 -0.0008096214 -0.0230714374
    36   0.0004493386 -0.0014060997 -0.0227066152
    37   0.0041568768  0.0014228639 -0.0219944837
    38   0.0011405236  0.0008295592 -0.0214136085
 n=     9 A   IR&R
     hbarW=  0.15507151E-03 Ha =  0.42197103E-02 eV; nu=  0.34034263E+02 cm^-1
    25  -0.0164326428  0.0230750916 -0.0176876965
    26  -0.0175726721 -0.1169340217  0.0571102866
    27   0.0052127275 -0.0618841600 -0.3290189920
    28  -0.0024731429 -0.0401214666  0.5414085365
    29   0.0204042450 -0.0639178431  0.3842871084
    30   0.0074348214 -0.0386610243 -0.5918250155
    31   0.0348604907  0.0020754065  0.0435823558
    32   0.0224047211 -0.0365132755 -0.0114600524
    33  -0.1244346763  0.1062866851  0.0362040513
    34  -0.1133631039  0.1057475222 -0.0414562152
    35  -0.0384881948  0.0352271062  0.0164378892
    36  -0.0327512908  0.0342379060 -0.0311198215
    37  -0.0387815929  0.0301997931  0.0292256022
    38  -0.0326300673  0.0310753478 -0.0192431231
 n=    10 A   IR&R
     hbarW=  0.17600137E-03 Ha =  0.47892407E-02 eV; nu=  0.38627835E+02 cm^-1
    25   0.0360743698  0.0051924046  0.0386967552
    26  -0.0108708342 -0.0400524557 -0.0511318817
    27  -0.0376066655  0.0101379041 -0.5837335849
    28  -0.0405276352 -0.0465771952 -0.2652769525
    29  -0.0417533342  0.0002643440  0.5316317930
    30  -0.0412763880 -0.0366669774  0.3210649626
    31  -0.1249928894 -0.0017999666  0.0117805096
    32  -0.0667814406 -0.0156586636 -0.0188412338
    33   0.2654101461  0.0435687223  0.0091253718
    34   0.2553716399  0.0436484091 -0.0178799051
    35   0.0801191833  0.0099814523  0.0132515758
    36   0.0747469566  0.0125866219 -0.0041851040
    37   0.0801300758  0.0165377451  0.0010355266
    38   0.0749174679  0.0141549901 -0.0151802534
 n=    11 A   IR&R
     hbarW=  0.19608385E-03 Ha =  0.53357129E-02 eV; nu=  0.43035432E+02 cm^-1
    25   0.0052325389 -0.0017506285  0.2570791092
    26   0.0015945047  0.0029197388 -0.1426867497
    27  -0.0398027079  0.0729081214 -0.0280444376
    28  -0.0422381159 -0.0758950381 -0.0624648206
    29   0.0621413943 -0.0861840735 -0.0846641884
    30   0.0612459121  0.0848088320 -0.0361059869
    31   0.0139084335 -0.0040526063  0.7690568088
    32   0.0158512564 -0.0043873937 -0.4769566800
    33  -0.0150685012  0.0075219054 -0.1336120822
    34  -0.0176222495  0.0008566866 -0.1345287262
    35  -0.0044429493  0.0010133974 -0.0442442544
    36  -0.0057767495  0.0004934228 -0.0445779545
    37  -0.0040080098  0.0018014072 -0.0426530633
    38  -0.0053565792  0.0017053076 -0.0429144778
 n=    12 A   IR&R
     hbarW=  0.21065503E-03 Ha =  0.57322150E-02 eV; nu=  0.46233437E+02 cm^-1
    25   0.0095722945 -0.0098895940  0.1265865849
    26   0.0020472851  0.0082338172  0.6056871012
    27   0.0074769714 -0.0339366360 -0.2445059411
    28   0.0158877828  0.0585792749 -0.4663837372
    29  -0.0055798518  0.0539349851 -0.2086720001
    30  -0.0147185629 -0.0558068958 -0.3980590553
    31  -0.0093314625  0.0032249240  0.1974215245
    32  -0.0004263068  0.0119555404  0.2486259517
    33  -0.0028926802 -0.0485842818  0.0816219886
    34   0.0279385877 -0.0520581569  0.0982178213
    35  -0.0046136741 -0.0089760636  0.0137158037
    36   0.0116292431 -0.0092940303  0.0260020136
    37  -0.0041992717 -0.0207167963  0.0172803171
    38   0.0120058595 -0.0215408100  0.0257405459
 n=    13 A   IR&R
     hbarW=  0.22757725E-03 Ha =  0.61926918E-02 eV; nu=  0.49947433E+02 cm^-1
    25   0.0012383218 -0.0037236643 -0.0429844877
    26  -0.0025985596 -0.0039009228 -0.1411965227
    27  -0.0351691742  0.0308260223  0.5479940818
    28   0.0172968797  0.0107212748 -0.4502797088
    29   0.0244328265 -0.0378809144  0.5606882556
    30  -0.0249200315 -0.0245766565 -0.3618469095
    31  -0.0115774902 -0.0076386042 -0.0144296442
    32  -0.0073493743 -0.0091662326 -0.0366258935
    33  -0.0605702216  0.0121890717 -0.0125243305
    34   0.0892347728  0.0124847629 -0.0131092044
    35  -0.0349541828  0.0326152102 -0.0066815471
    36   0.0438243708  0.0327613234  0.0022604996
    37  -0.0352685997 -0.0250337562  0.0015528822
    38   0.0436849069 -0.0255067385 -0.0077796980
 n=    14 A   IR&R
     hbarW=  0.23975941E-03 Ha =  0.65241855E-02 eV; nu=  0.52621110E+02 cm^-1
    25   0.0021820450  0.1105302152  0.0599583537
    26   0.0013675709 -0.0546680389  0.0959830579
    27   0.0084612836 -0.0649755561  0.0872723442
    28  -0.0037495744 -0.0589518263 -0.1179146234
    29   0.0074481671 -0.0575434300 -0.1387000528
    30  -0.0052858479 -0.0654113474  0.0824006475
    31   0.0027085913 -0.0943842949 -0.0474372455
    32   0.0002844493 -0.1576933142 -0.0260233910
    33  -0.0116233497  0.5993226959  0.0752240119
    34  -0.0064468454  0.5988244771 -0.0898522244
    35  -0.0039790413  0.1806669262  0.0490470584
    36  -0.0014547292  0.1804362651 -0.0553765850
    37  -0.0043794793  0.1790158947  0.0510112280
    38  -0.0012740268  0.1794440691 -0.0549607790
 n=    15 A   IR&R
     hbarW=  0.25566480E-03 Ha =  0.69569929E-02 eV; nu=  0.56111938E+02 cm^-1
    25  -0.0044147125  0.0123119666 -0.4347632773
    26   0.0030857976 -0.0074633266 -0.4568074509
    27   0.0446424074 -0.0394593401 -0.0702311359
    28   0.0421980359  0.0238763662 -0.0494253848
    29  -0.0449461920  0.0230217108 -0.0901246423
    30  -0.0425597997 -0.0370928526 -0.0407920371
    31  -0.0012544584 -0.0108640881  0.4643941250
    32   0.0043858759 -0.0155202696  0.5469774030
    33   0.0008645573  0.0601540821  0.1502260716
    34  -0.0029397734  0.0668118197  0.1338076981
    35   0.0008576497  0.0177315253  0.0486799769
    36  -0.0011594869  0.0188484323  0.0376431921
    37   0.0002063637  0.0192631748  0.0509847820
    38  -0.0017591926  0.0203769262  0.0404269847
 n=    16 A   IR&R
     hbarW=  0.51006774E-03 Ha =  0.13879649E-01 eV; nu=  0.11194693E+03 cm^-1
    25  -0.0059813551  0.3796914037 -0.0002462303
    26   0.0076307586 -0.2776676646  0.0013226947
    27  -0.0698914223  0.0647924780  0.0191888523
    28   0.0843967091  0.0578872516 -0.0225644819
    29  -0.0721452913  0.0380281603 -0.0226271927
    30   0.0626874186  0.0502401880  0.0221198411
    31   0.0123442309  0.4939992734  0.0004101681
    32  -0.0194306992 -0.6840407825  0.0021139533
    33  -0.0029533287 -0.0939843064  0.0586631128
    34  -0.0009647866 -0.0937322061 -0.0617862331
    35  -0.0006692503 -0.0241028399  0.0334147641
    36  -0.0002175504 -0.0239569700 -0.0328172826
    37  -0.0012181282 -0.0242711725  0.0322528314
    38   0.0003495404 -0.0244054127 -0.0339811996
 n=    17 A   IR&R
     hbarW=  0.51691096E-03 Ha =  0.14065862E-01 eV; nu=  0.11344884E+03 cm^-1
    25  -0.2347667316 -0.0079010920  0.0134605881
    26   0.2814154768  0.0050922866 -0.0126898343
    27   0.0275661526 -0.1117817809 -0.0385299789
    28   0.0257723153  0.1027017665 -0.0374365449
    29   0.0957508414 -0.0201485660  0.0367749013
    30   0.0906287596  0.0229761406  0.0342772818
    31   0.4939674332 -0.0129047359  0.0045655669
    32  -0.7516190677  0.0164988565 -0.0008166972
    33  -0.0433091360  0.0012421435  0.0015502165
    34  -0.0428057113  0.0013914449  0.0043523041
    35  -0.0081569152 -0.0009723188  0.0304223871
    36  -0.0078700805  0.0017849296  0.0320665081
    37  -0.0075872732  0.0016471249 -0.0301610689
    38  -0.0072956082 -0.0012938220 -0.0287048768
 n=    18 A   IR&R
     hbarW=  0.52665019E-03 Ha =  0.14330880E-01 eV; nu=  0.11558636E+03 cm^-1
    25  -0.0210702186 -0.0011251556 -0.1230298699
    26   0.0190764522 -0.0016333767  0.1235343360
    27   0.3634455608  0.3357730208 -0.0015128001
    28   0.3592130188 -0.3325096788 -0.0080249321
    29  -0.3427415507 -0.3490146581  0.0067341612
    30  -0.3425600001  0.3402810199  0.0019723025
    31   0.0547801514 -0.0104406465 -0.0005495595
    32  -0.0871309368  0.0174153420 -0.0264933036
    33  -0.0027103706  0.0002658400 -0.0049144910
    34  -0.0014108218  0.0000682242 -0.0021405932
    35  -0.0001119439 -0.0002612612  0.0024580500
    36   0.0005718604  0.0006921956  0.0041898886
    37  -0.0004982800 -0.0004172895 -0.0057955415
    38   0.0001719885 -0.0001676677 -0.0041140911
 n=    19 A   IR&R
     hbarW=  0.55179566E-03 Ha =  0.15015124E-01 eV; nu=  0.12110515E+03 cm^-1
    25  -0.0003856941 -0.0099105203  0.0190798967
    26   0.0003240075  0.0088002290  0.0025782090
    27   0.3276955993 -0.3562526840  0.0354423905
    28   0.3415296971  0.3414180980  0.0389389220
    29  -0.3321804287  0.3597441775  0.0393898399
    30  -0.3407953260 -0.3392406418  0.0340316462
    31  -0.0083109074  0.0042794873  0.0945433169
    32   0.0153720873 -0.0038793881 -0.2047256057
    33  -0.0022781208 -0.0025775119 -0.0433766490
    34  -0.0012617370 -0.0016493953 -0.0446181808
    35  -0.0008490060 -0.0000323165 -0.0095960181
    36  -0.0003142711 -0.0007804874 -0.0101630026
    37  -0.0008355539 -0.0005071343 -0.0096892410
    38  -0.0002816435 -0.0011132652 -0.0102715000
 n=    20 A   IR&R
     hbarW=  0.56015116E-03 Ha =  0.15242488E-01 eV; nu=  0.12293897E+03 cm^-1
    25  -0.0344878359 -0.0265584937  0.0000840819
    26   0.0364289100  0.0333337530  0.0014297103
    27  -0.4690195591 -0.1780003246 -0.0146425012
    28   0.4576202258 -0.1971557344  0.0073075878
    29   0.4607018277  0.1797157050 -0.0081704230
    30  -0.4572017502  0.1934346658  0.0086230994
    31  -0.0106000217  0.0107306626 -0.0009857100
    32   0.0204941645 -0.0163828512  0.0059444467
    33   0.0264736560  0.0018162521  0.0013445719
    34  -0.0321120843  0.0021190392 -0.0018607279
    35   0.0148224858 -0.0111017949  0.0020492173
    36  -0.0169583882 -0.0111229320 -0.0052119878
    37   0.0148769583  0.0123069238  0.0002833778
    38  -0.0169798597  0.0125982870  0.0029629184
 n=    21 A   IR&R
     hbarW=  0.56232345E-03 Ha =  0.15301599E-01 eV; nu=  0.12341573E+03 cm^-1
    25  -0.6261466944 -0.0035757644  0.0006832671
    26   0.6725848683  0.0029815970  0.0050450350
    27  -0.0022120150  0.0283044766 -0.0302515627
    28  -0.0593213921 -0.0211765028 -0.0324318720
    29  -0.0639582768  0.0078518748  0.0330107123
    30  -0.0056176677 -0.0143449833  0.0287229055
    31  -0.1807649071  0.0003845523 -0.0032536981
    32   0.3180446039 -0.0025700400 -0.0028312492
    33  -0.0506945872  0.0004625801 -0.0004871863
    34  -0.0466298587  0.0001316139 -0.0008388432
    35  -0.0184233530  0.0014890195 -0.0261729361
    36  -0.0161851166  0.0004092263 -0.0259260061
    37  -0.0188607354 -0.0011821347  0.0256244592
    38  -0.0166456975 -0.0002420042  0.0250301827
 n=    22 A   IR&R
     hbarW=  0.56634619E-03 Ha =  0.15411064E-01 eV; nu=  0.12429862E+03 cm^-1
    25  -0.0043138833  0.6014307759  0.0035896524
    26   0.0054448114 -0.6255950152 -0.0020741584
    27  -0.0057016252 -0.0187805175  0.0310095447
    28   0.0070540749 -0.0031993374 -0.0303880445
    29   0.0516695057 -0.0261498776 -0.0339307666
    30  -0.0550448645 -0.0429132169  0.0341786771
    31  -0.0036168677 -0.2454633379  0.0009550393
    32   0.0052489333  0.4049344615 -0.0054840453
    33   0.0023741032 -0.0489462765 -0.0299864862
    34  -0.0033908660 -0.0491521330  0.0323146026
    35   0.0013122289 -0.0174340183 -0.0208792480
    36  -0.0016979257 -0.0174609734  0.0208617361
    37   0.0015757745 -0.0153211328 -0.0212322312
    38  -0.0018976870 -0.0153970248  0.0221449896
 n=    23 A   IR&R
     hbarW=  0.56963182E-03 Ha =  0.15500470E-01 eV; nu=  0.12501974E+03 cm^-1
    25  -0.0095004225 -0.0351852391  0.0003372719
    26   0.0122353179  0.0322092607 -0.0005661462
    27  -0.1786452315  0.4561053275 -0.0290690400
    28   0.1823856198  0.4674392714  0.0324353003
    29   0.1821969380 -0.4565716453 -0.0256941298
    30  -0.1872425229 -0.4672833208  0.0256019613
    31  -0.0003428421  0.0038901859  0.0008226652
    32   0.0021463923 -0.0038923780 -0.0037641776
    33   0.0405828737  0.0044435029  0.0000784807
    34  -0.0460513403  0.0046936801 -0.0006578974
    35   0.0229279831 -0.0164041147  0.0046889171
    36  -0.0247762102 -0.0163704315 -0.0054502816
    37   0.0230948713  0.0189245733 -0.0036920631
    38  -0.0247590068  0.0192424218  0.0042321991
 n=    24 A   IR&R
     hbarW=  0.77210804E-03 Ha =  0.21010128E-01 eV; nu=  0.16945813E+03 cm^-1
    25   0.0258977216  0.4761102825  0.0009974657
    26   0.0218519912  0.5220856864  0.0000288650
    27  -0.2677361350 -0.2428882220 -0.0117946307
    28   0.2397641269 -0.2239450521  0.0105410341
    29  -0.2719421760 -0.2475582073  0.0120839758
    30   0.2439738570 -0.2287532036 -0.0110697686
    31   0.0059031303 -0.0609617980 -0.0002001818
    32   0.0031936740  0.0609863875 -0.0027320780
    33  -0.0011394862 -0.0495407388  0.0146936339
    34  -0.0011542195 -0.0498825280 -0.0094055937
    35  -0.0000836288 -0.0147228533  0.0036591846
    36  -0.0008079642 -0.0147601282 -0.0043959852
    37  -0.0007494259 -0.0146348988  0.0053933767
    38  -0.0000832775 -0.0146989238 -0.0027277246
 n=    25 A   IR&R
     hbarW=  0.77429004E-03 Ha =  0.21069504E-01 eV; nu=  0.16993703E+03 cm^-1
    25  -0.5273880227  0.0231203615  0.0009341971
    26  -0.4537389175  0.0248142253 -0.0017523235
    27   0.2765304484  0.1759621204 -0.0036476514
    28   0.3050253773 -0.1933649332 -0.0036679569
    29   0.2817968276  0.1803099634  0.0038993967
    30   0.3099572766 -0.2007370404  0.0042483557
    31  -0.1455829866 -0.0079916589 -0.0003372039
    32  -0.0698808443  0.0004977879 -0.0027120917
    33   0.0224479938 -0.0023242103  0.0055157056
    34   0.0224451743 -0.0027784691  0.0036171374
    35   0.0085713012 -0.0010396247  0.0178577518
    36   0.0085195438 -0.0004677819  0.0170187547
    37   0.0088498891 -0.0004333645 -0.0151893587
    38   0.0088928074 -0.0010364437 -0.0160454216
 n=    26 A   IR&R
     hbarW=  0.79468156E-03 Ha =  0.21624385E-01 eV; nu=  0.17441245E+03 cm^-1
    25   0.1031915998 -0.0006041140 -0.0001692293
    26   0.1137886481 -0.0001576421  0.0007862811
    27   0.1813446820 -0.2934266824  0.0203887754
    28   0.1781601937  0.2899687421  0.0217358200
    29   0.1820378346 -0.2929459135 -0.0214798703
    30   0.1772198090  0.2906926799 -0.0198437533
    31  -0.6581159802  0.0052261874 -0.0022103378
    32  -0.2632951657  0.0017791167  0.0017037999
    33  -0.0196697513 -0.0000287420 -0.0008716560
    34  -0.0191198484  0.0003896210 -0.0003990866
    35  -0.0033753188  0.0000167438  0.0207137585
    36  -0.0030788297  0.0002866528  0.0209703622
    37  -0.0030337224  0.0000258773 -0.0207071826
    38  -0.0027289315 -0.0001830592 -0.0204705379
 n=    27 A   IR&R
     hbarW=  0.79682724E-03 Ha =  0.21682772E-01 eV; nu=  0.17488337E+03 cm^-1
    25  -0.0053488103  0.0219356336  0.0003833951
    26  -0.0034883365  0.0253005232  0.0004515269
    27   0.2328519567 -0.2544840101  0.0251615047
    28  -0.2302556077 -0.2601508495 -0.0264672108
    29   0.2300089853 -0.2500162366 -0.0249754233
    30  -0.2287331411 -0.2589417439  0.0245620998
    31   0.0036541319  0.6584123064  0.0002141487
    32   0.0013211079  0.2826943598  0.0020429330
    33   0.0002858565  0.0283180848 -0.0473929718
    34   0.0002336142  0.0285277423  0.0426682460
    35  -0.0001953441  0.0065017409 -0.0255583553
    36   0.0003676202  0.0065015487  0.0247358669
    37   0.0003766408  0.0061818972 -0.0256595297
    38  -0.0002603571  0.0061852134  0.0246388860
 n=    28 A   IR&R
     hbarW=  0.86392804E-03 Ha =  0.23508678E-01 eV; nu=  0.18961029E+03 cm^-1
    25  -0.0051575762  0.0025618402  0.0460830759
    26  -0.0013038054  0.0013989009  0.0453268461
    27   0.0109567590 -0.0037603757  0.0185793785
    28   0.0130061119  0.0055757666  0.0167689789
    29  -0.0102600079  0.0061543747  0.0192518282
    30  -0.0049203154 -0.0081114264  0.0167654615
    31   0.0024897315 -0.0048319744  0.0215569439
    32  -0.0034045562  0.0045982105  0.4193112872
    33   0.0047016000 -0.0375520774 -0.6107749031
    34   0.0046529331  0.0311522880 -0.6175522816
    35   0.0029429069 -0.0039273388 -0.1208275523
    36   0.0027675160  0.0019121356 -0.1233283708
    37  -0.0011318123 -0.0041451992 -0.1231245559
    38  -0.0012927084  0.0024751434 -0.1253742059
 n=    29 A   IR&R
     hbarW=  0.12163955E-02 Ha =  0.33099804E-01 eV; nu=  0.26696795E+03 cm^-1
    25  -0.0000928108  0.0384922880  0.0004786229
    26   0.0000877283  0.0031559943  0.0002448343
    27  -0.0199549347  0.0037122305 -0.0230190619
    28   0.0207535874  0.0039561066  0.0234850583
    29  -0.0204745332  0.0040475600  0.0223279254
    30   0.0197770763  0.0039244936 -0.0219239520
    31  -0.0000365105 -0.0192295733  0.0002121706
    32  -0.0002916276 -0.1683424274  0.0008667186
    33   0.0057026593  0.1023663328 -0.5935772190
    34  -0.0043769816  0.1026053355  0.5846247978
    35   0.0044629997  0.0084331898 -0.2495819830
    36  -0.0041122421  0.0083757162  0.2492263745
    37  -0.0002834363  0.0076323411 -0.2523249177
    38   0.0004984881  0.0076667098  0.2499808284
 n=    30 A   IR&R
     hbarW=  0.19303009E-02 Ha =  0.52526158E-01 eV; nu=  0.42365208E+03 cm^-1
    25   0.0020514923  0.0000439275 -0.0003261268
    26   0.0145779408  0.0000385524 -0.0003601022
    27  -0.0144755183  0.0035391312 -0.0217461576
    28  -0.0143719623 -0.0035748462 -0.0216856220
    29  -0.0134092041  0.0030515725  0.0203122103
    30  -0.0133840979 -0.0030336064  0.0202357109
    31   0.0071743766  0.0000078443 -0.0001889730
    32   0.0976051735 -0.0002524489  0.0027146432
    33  -0.1042419532  0.0003197532  0.0025665965
    34  -0.1036501888  0.0002313704  0.0014704365
    35   0.0339890854 -0.0130311719  0.4881082252
    36   0.0343299821  0.0128573912  0.4887215937
    37   0.0424721782  0.0117522964 -0.4902256589
    38   0.0432325000 -0.0124295559 -0.4918744558
 n=    31 A   IR&R
     hbarW=  0.34786411E-02 Ha =  0.94658639E-01 eV; nu=  0.76347350E+03 cm^-1
    25  -0.0005612382  0.0000361683  0.0000045435
    26   0.0005486101 -0.0000244954 -0.0000616452
    27  -0.0005221346  0.0002691597 -0.0015907995
    28  -0.0005146301 -0.0002870442 -0.0015482859
    29  -0.0005976324  0.0003135215  0.0015408875
    30  -0.0005490158 -0.0003063835  0.0015442979
    31   0.0007105638  0.0000211082 -0.0000429130
    32  -0.0012923523 -0.0000494857  0.0004605382
    33   0.1297817589 -0.0000940620  0.0042423513
    34   0.1343396948 -0.0014161939  0.0027756833
    35  -0.2262184695  0.4330749505  0.0361299325
    36  -0.2283342161 -0.4331663008  0.0368749034
    37  -0.2275457143 -0.4319552365 -0.0505444709
    38  -0.2253546504  0.4357773212 -0.0479632116
 n=    32 A   IR&R
     hbarW=  0.37487936E-02 Ha =  0.10200986E+00 eV; nu=  0.82276510E+03 cm^-1
    25   0.0000023546  0.0000656744  0.0001585299
    26   0.0001506399 -0.0000950718 -0.0040373496
    27   0.0038892118 -0.0028805863  0.0059816221
    28   0.0038050218  0.0028715774  0.0058345136
    29  -0.0035365730  0.0025468946  0.0052056151
    30  -0.0037624999 -0.0026483747  0.0055205891
    31  -0.0000810707 -0.0000254832 -0.0034864868
    32  -0.0011141413  0.0006436320  0.0492910943
    33  -0.0015860252  0.0813603217  0.1904796385
    34  -0.0033853055 -0.0851892320  0.2125917938
    35  -0.0046452207 -0.0670930160 -0.4615140174
    36  -0.0041837076  0.0718725466 -0.4837743980
    37   0.0159312441 -0.0593220287 -0.4543199659
    38   0.0172082745  0.0635669945 -0.4803150557
 n=    33 A   IR&R
     hbarW=  0.38121918E-02 Ha =  0.10373501E+00 eV; nu=  0.83667940E+03 cm^-1
    25  -0.0000061901 -0.0003759438  0.0000132907
    26  -0.0000028187  0.0008761986 -0.0001197428
    27  -0.0021075807  0.0012012973 -0.0035910478
    28   0.0023564163  0.0013664275  0.0039702037
    29  -0.0023220571  0.0014078843  0.0038513956
    30   0.0021603012  0.0012620427 -0.0035780247
    31  -0.0000070432 -0.0004329298 -0.0001050817
    32  -0.0001046248 -0.0236447579  0.0014284775
    33  -0.0045069485  0.0658895007  0.3741291078
    34   0.0045634978  0.0611840258 -0.3618870939
    35  -0.0060693163 -0.0737275788 -0.4209774597
    36   0.0059129012 -0.0685433028  0.3932330668
    37   0.0171248629 -0.0702618761 -0.4423843063
    38  -0.0154881437 -0.0688142655  0.4151198070
 n=    34 A   IR&R
     hbarW=  0.40177626E-02 Ha =  0.10932888E+00 eV; nu=  0.88179699E+03 cm^-1
    25   0.0000014810  0.0000189004 -0.0000039352
    26   0.0000044688 -0.0000250930 -0.0000109115
    27   0.0042391789 -0.0034275640  0.0057903972
    28  -0.0042588851 -0.0034293627 -0.0058268271
    29  -0.0041536628  0.0032604729  0.0053305800
    30   0.0041490293  0.0032464899 -0.0053079971
    31   0.0000013920  0.0000477434 -0.0000040161
    32   0.0000282852  0.0004076327  0.0000200612
    33  -0.0966449228 -0.0007678937 -0.0076503910
    34   0.0957607673 -0.0013014501  0.0083943281
    35   0.0603394592 -0.0453425126  0.4990539175
    36  -0.0596209498 -0.0428882973 -0.4992320532
    37   0.0683046322  0.0474427603 -0.4796097593
    38  -0.0677269689  0.0472525167  0.4774714086
 n=    35 A   IR&R
     hbarW=  0.52717503E-02 Ha =  0.14345162E+00 eV; nu=  0.11570155E+04 cm^-1
    25   0.0000002887 -0.0000016370  0.0000087997
    26  -0.0000002247  0.0000035614 -0.0000062491
    27   0.0004256005 -0.0001240848  0.0018825180
    28  -0.0004195840 -0.0001399382 -0.0018767028
    29  -0.0003869536  0.0001186296  0.0017402111
    30   0.0003717835  0.0001107626 -0.0017361116
    31  -0.0000001803  0.0000127468 -0.0000046496
    32  -0.0000049057  0.0000162207  0.0000561966
    33   0.4172843145 -0.0000864157  0.0037734058
    34  -0.4162685022 -0.0002791855 -0.0039641350
    35  -0.1069437023  0.3829329768  0.0902980135
    36   0.1066185257  0.3763444074 -0.0897314288
    37  -0.1063100174 -0.3780970057 -0.0908578751
    38   0.1036907343 -0.3792195721  0.0905218374
 n=    36 A   IR&R
     hbarW=  0.56268990E-02 Ha =  0.15311571E+00 eV; nu=  0.12349616E+04 cm^-1
    25   0.0000173618  0.0000085144 -0.0002804388
    26   0.0000210641 -0.0000226264 -0.0019492398
    27   0.0010315618 -0.0003232510  0.0010092457
    28   0.0010306026  0.0003731954  0.0010134957
    29  -0.0009796544  0.0002682013  0.0009136000
    30  -0.0009832157 -0.0002785830  0.0009147296
    31  -0.0000116971 -0.0000297983 -0.0009020534
    32  -0.0002853530 -0.0000039479  0.0194475806
    33   0.0000689704  0.4498827727 -0.0184210507
    34   0.0003368334 -0.4478283128 -0.0181055994
    35  -0.1198799493  0.3630093211 -0.0121609721
    36  -0.1253922782 -0.3683056960 -0.0130255057
    37   0.1238283271  0.3654495875 -0.0104948451
    38   0.1226477495 -0.3660441654 -0.0114999761
 n=    37 A   IR&R
     hbarW=  0.62380109E-02 Ha =  0.16974491E+00 eV; nu=  0.13690852E+04 cm^-1
    25   0.0000022814 -0.0006837756 -0.0000031498
    26  -0.0000020548 -0.0005687728  0.0000062756
    27   0.0008327742 -0.0001722506  0.0007987149
    28  -0.0008525070 -0.0001917396 -0.0008259571
    29   0.0008548759 -0.0001623329 -0.0007601316
    30  -0.0008240320 -0.0001477101  0.0007446891
    31  -0.0000035783  0.0003349669  0.0000045761
    32   0.0000117489  0.0015510027 -0.0001058441
    33   0.0012487705  0.2193390171 -0.0237870337
    34   0.0001952952  0.2273192278  0.0247402145
    35   0.2656320771 -0.3859618065  0.0657860891
    36  -0.2697504740 -0.3842194049 -0.0669519520
    37  -0.2705164873 -0.3856810611  0.0613064772
    38   0.2686515080 -0.3854882942 -0.0619564053
 n=    38 A   IR&R
     hbarW=  0.67423884E-02 Ha =  0.18346972E+00 eV; nu=  0.14797832E+04 cm^-1
    25   0.0000064693  0.0000012436 -0.0003704318
    26   0.0000235642 -0.0000049028 -0.0000279637
    27   0.0001406046 -0.0005635222  0.0001566892
    28   0.0001483451  0.0005807629  0.0001420854
    29  -0.0001255421  0.0005303641  0.0001382041
    30  -0.0001273709 -0.0005415109  0.0001463663
    31  -0.0000130511 -0.0000105039 -0.0003341379
    32  -0.0001689637 -0.0000016485  0.0086487841
    33   0.0023161096  0.5128753397 -0.0464554525
    34  -0.0010661682 -0.5111405109 -0.0468238094
    35   0.2459126218 -0.2328183116  0.0645597316
    36   0.2453705004  0.2284703182  0.0645187101
    37  -0.2493909200 -0.2319138717  0.0600004097
    38  -0.2451499231  0.2293662834  0.0596660676
 n=    39 A   IR&R
     hbarW=  0.13389775E-01 Ha =  0.36435429E+00 eV; nu=  0.29387159E+04 cm^-1
    25   0.0000021563 -0.0002753903 -0.0000135236
    26  -0.0000020719  0.0000466813  0.0000083724
    27  -0.0000353347  0.0001238859 -0.0003575397
    28   0.0000236104  0.0001271932  0.0004020742
    29  -0.0000191698  0.0001210913  0.0003543739
    30   0.0000304446  0.0001187724 -0.0003071929
    31  -0.0000016173  0.0000058452  0.0000113393
    32   0.0000083978  0.0000735905 -0.0000844559
    33  -0.0043800864 -0.1576568592  0.0311012577
    34   0.0044141237 -0.1235914420 -0.0250634868
    35   0.4694427645  0.2692857527 -0.0521822441
    36  -0.3849067723  0.2239002104  0.0425587218
    37  -0.4535873331  0.2644944625 -0.0584484746
    38   0.3692458478  0.2117456537  0.0472319147
 n=    40 A   IR&R
     hbarW=  0.13411427E-01 Ha =  0.36494349E+00 eV; nu=  0.29434681E+04 cm^-1
    25   0.0000057726  0.0000295461 -0.0001261088
    26  -0.0000080807 -0.0000039515  0.0000502411
    27  -0.0000432047 -0.0000044035  0.0002640375
    28  -0.0000448681 -0.0000174029  0.0001806066
    29   0.0000546582 -0.0000271008  0.0001635292
    30   0.0000593517 -0.0000052576  0.0002123105
    31   0.0000014561 -0.0000088155  0.0000884458
    32   0.0000442856 -0.0000095585 -0.0008746676
    33  -0.0022952049 -0.1528112630  0.0270207761
    34  -0.0050013337  0.1813346226  0.0327872936
    35   0.3762309371  0.2168472791 -0.0432413365
    36   0.4664207343 -0.2726998801 -0.0533930743
    37  -0.3684775748  0.2161760222 -0.0490098396
    38  -0.4486883681 -0.2588151187 -0.0592214895
 n=    41 A   IR&R
     hbarW=  0.13719496E-01 Ha =  0.37332646E+00 eV; nu=  0.30110813E+04 cm^-1
    25  -0.0000034452  0.0000011410  0.0000021779
    26   0.0000037707 -0.0000037486 -0.0000008134
    27   0.0000453280  0.0000099473  0.0004005166
    28  -0.0000498286  0.0000056906 -0.0004250727
    29  -0.0000377002 -0.0000124137  0.0003858413
    30   0.0000337312 -0.0000113335 -0.0003759444
    31   0.0000001068  0.0000035238 -0.0000014319
    32  -0.0000073227 -0.0000136452  0.0000036340
    33   0.2334582347 -0.0025406486  0.0024620434
    34  -0.2204753276 -0.0029940594 -0.0027445416
    35  -0.4064967316 -0.2509330632  0.0486954011
    36   0.3776208537 -0.2365388866 -0.0454892626
    37  -0.4147174843  0.2603566743 -0.0570015736
    38   0.3986230313  0.2464263488  0.0548719459
 n=    42 A   IR&R
     hbarW=  0.13844681E-01 Ha =  0.37673292E+00 eV; nu=  0.30385562E+04 cm^-1
    25   0.0001114735 -0.0000012906 -0.0000017362
    26  -0.0001307371  0.0000007272  0.0000005592
    27   0.0001080274 -0.0000379747  0.0003572088
    28   0.0001055654  0.0000408655  0.0003366891
    29   0.0000942430 -0.0000315106 -0.0003007124
    30   0.0000999749  0.0000323350 -0.0003302975
    31  -0.0000087407 -0.0000002325 -0.0000042148
    32   0.0001371244  0.0000020160  0.0000043053
    33  -0.2249164848  0.0027991371 -0.0023603808
    34  -0.2377531462 -0.0024761627 -0.0027614296
    35   0.3839942602  0.2377131851 -0.0441568496
    36   0.4015999503 -0.2521541697 -0.0464353021
    37   0.3902187821 -0.2457495615  0.0519184366
    38   0.4175767618  0.2590405811  0.0556544086
