#             Spectrum data 
#      Energy[eV]        Spectrum 
  0.6018449890E+02  0.1075802200E-07
  0.6023892167E+02  0.1594495483E-07
  0.6029334444E+02  0.2349640284E-07
  0.6034776721E+02  0.3442446257E-07
  0.6040218998E+02  0.5014425037E-07
  0.6045661275E+02  0.7262126050E-07
  0.6051103552E+02  0.1045672213E-06
  0.6056545829E+02  0.1496983377E-06
  0.6061988106E+02  0.2130730361E-06
  0.6067430383E+02  0.3015300498E-06
  0.6072872659E+02  0.4242518827E-06
  0.6078314936E+02  0.5934833215E-06
  0.6083757213E+02  0.8254396240E-06
  0.6089199490E+02  0.1141444128E-05
  0.6094641767E+02  0.1569340053E-05
  0.6100084044E+02  0.2145225878E-05
  0.6105526321E+02  0.2915567388E-05
  0.6110968598E+02  0.3939741804E-05
  0.6116410875E+02  0.5293069572E-05
  0.6121853152E+02  0.7070386711E-05
  0.6127295428E+02  0.9390204121E-05
  0.6132737705E+02  0.1239948912E-04
  0.6138179982E+02  0.1627908760E-04
  0.6143622259E+02  0.2124978196E-04
  0.6149064536E+02  0.2757894905E-04
  0.6154506813E+02  0.3558774424E-04
  0.6159949090E+02  0.4565869073E-04
  0.6165391367E+02  0.5824349952E-04
  0.6170833644E+02  0.7387088376E-04
  0.6176275921E+02  0.9315406536E-04
  0.6181718197E+02  0.1167976021E-03
  0.6187160474E+02  0.1456030945E-03
  0.6192602751E+02  0.1804732681E-03
  0.6198045028E+02  0.2224138691E-03
  0.6203487305E+02  0.2725327743E-03
  0.6208929582E+02  0.3320356940E-03
  0.6214371859E+02  0.4022178534E-03
  0.6219814136E+02  0.4844510820E-03
  0.6225256413E+02  0.5801658117E-03
  0.6230698690E+02  0.6908276105E-03
  0.6236140966E+02  0.8179080368E-03
  0.6241583243E+02  0.9628498082E-03
  0.6247025520E+02  0.1127026525E-02
  0.6252467797E+02  0.1311697470E-02
  0.6257910074E+02  0.1517958307E-02
  0.6263352351E+02  0.1746688834E-02
  0.6268794628E+02  0.1998499231E-02
  0.6274236905E+02  0.2273676567E-02
  0.6279679182E+02  0.2572133567E-02
  0.6285121459E+02  0.2893361819E-02
  0.6290563735E+02  0.3236391724E-02
  0.6296006012E+02  0.3599761511E-02
  0.6301448289E+02  0.3981497507E-02
  0.6306890566E+02  0.4379107663E-02
  0.6312332843E+02  0.4789589988E-02
  0.6317775120E+02  0.5209457069E-02
  0.6323217397E+02  0.5634777324E-02
  0.6328659674E+02  0.6061232952E-02
  0.6334101951E+02  0.6484193880E-02
  0.6339544228E+02  0.6898806241E-02
  0.6344986504E+02  0.7300093253E-02
  0.6350428781E+02  0.7683065643E-02
  0.6355871058E+02  0.8042838265E-02
  0.6361313335E+02  0.8374749047E-02
  0.6366755612E+02  0.8674476173E-02
  0.6372197889E+02  0.8938149272E-02
  0.6377640166E+02  0.9162450478E-02
  0.6383082443E+02  0.9344701524E-02
  0.6388524720E+02  0.9482933508E-02
  0.6393966997E+02  0.9575936594E-02
  0.6399409273E+02  0.9623287713E-02
  0.6404851550E+02  0.9625355216E-02
  0.6410293827E+02  0.9583280331E-02
  0.6415736104E+02  0.9498936268E-02
  0.6421178381E+02  0.9374866682E-02
  0.6426620658E+02  0.9214206019E-02
  0.6432062935E+02  0.9020584971E-02
  0.6437505212E+02  0.8798024765E-02
  0.6442947489E+02  0.8550824364E-02
  0.6448389766E+02  0.8283444773E-02
  0.6453832042E+02  0.8000394627E-02
  0.6459274319E+02  0.7706120952E-02
  0.6464716596E+02  0.7404908600E-02
  0.6470158873E+02  0.7100791338E-02
  0.6475601150E+02  0.6797476888E-02
  0.6481043427E+02  0.6498287537E-02
  0.6486485704E+02  0.6206117206E-02
  0.6491927981E+02  0.5923405152E-02
  0.6497370258E+02  0.5652125805E-02
  0.6502812535E+02  0.5393793688E-02
  0.6508254811E+02  0.5149481856E-02
  0.6513697088E+02  0.4919851933E-02
  0.6519139365E+02  0.4705193586E-02
  0.6524581642E+02  0.4505471132E-02
  0.6530023919E+02  0.4320374958E-02
  0.6535466196E+02  0.4149375529E-02
  0.6540908473E+02  0.3991777879E-02
  0.6546350750E+02  0.3846774762E-02
  0.6551793027E+02  0.3713496840E-02
  0.6557235304E+02  0.3591058613E-02
  0.6562677580E+02  0.3478599058E-02
  0.6568119857E+02  0.3375316254E-02
  0.6573562134E+02  0.3280495487E-02
  0.6579004411E+02  0.3193530609E-02
  0.6584446688E+02  0.3113938577E-02
  0.6589888965E+02  0.3041367314E-02
  0.6595331242E+02  0.2975597138E-02
  0.6600773519E+02  0.2916536139E-02
  0.6606215796E+02  0.2864209985E-02
  0.6611658073E+02  0.2818746720E-02
  0.6617100349E+02  0.2780357189E-02
  0.6622542626E+02  0.2749311814E-02
  0.6627984903E+02  0.2725914511E-02
  0.6633427180E+02  0.2710474614E-02
  0.6638869457E+02  0.2703277743E-02
  0.6644311734E+02  0.2704556604E-02
  0.6649754011E+02  0.2714462782E-02
  0.6655196288E+02  0.2733040579E-02
  0.6660638565E+02  0.2760203985E-02
  0.6666080842E+02  0.2795717798E-02
  0.6671523118E+02  0.2839183851E-02
  0.6676965395E+02  0.2890033186E-02
  0.6682407672E+02  0.2947524796E-02
  0.6687849949E+02  0.3010751407E-02
  0.6693292226E+02  0.3078652450E-02
  0.6698734503E+02  0.3150034121E-02
  0.6704176780E+02  0.3223596094E-02
  0.6709619057E+02  0.3297964152E-02
  0.6715061334E+02  0.3371727674E-02
  0.6720503611E+02  0.3443480655E-02
  0.6725945887E+02  0.3511864698E-02
  0.6731388164E+02  0.3575612219E-02
  0.6736830441E+02  0.3633588062E-02
  0.6742272718E+02  0.3684827648E-02
  0.6747714995E+02  0.3728569895E-02
  0.6753157272E+02  0.3764283319E-02
  0.6758599549E+02  0.3791683948E-02
  0.6764041826E+02  0.3810744069E-02
  0.6769484103E+02  0.3821691168E-02
  0.6774926380E+02  0.3824996911E-02
  0.6780368656E+02  0.3821356449E-02
  0.6785810933E+02  0.3811658814E-02
  0.6791253210E+02  0.3796949578E-02
  0.6796695487E+02  0.3778387359E-02
  0.6802137764E+02  0.3757196059E-02
  0.6807580041E+02  0.3734614933E-02
  0.6813022318E+02  0.3711848715E-02
  0.6818464595E+02  0.3690020036E-02
  0.6823906872E+02  0.3670126257E-02
  0.6829349149E+02  0.3653002632E-02
  0.6834791425E+02  0.3639293423E-02
  0.6840233702E+02  0.3629432174E-02
  0.6845675979E+02  0.3623631931E-02
  0.6851118256E+02  0.3621885705E-02
  0.6856560533E+02  0.3623976984E-02
  0.6862002810E+02  0.3629499610E-02
  0.6867445087E+02  0.3637885937E-02
  0.6872887364E+02  0.3648441777E-02
  0.6878329641E+02  0.3660386361E-02
  0.6883771918E+02  0.3672895354E-02
  0.6889214194E+02  0.3685144843E-02
  0.6894656471E+02  0.3696354255E-02
  0.6900098748E+02  0.3705826215E-02
  0.6905541025E+02  0.3712981631E-02
  0.6910983302E+02  0.3717388473E-02
  0.6916425579E+02  0.3718783148E-02
  0.6921867856E+02  0.3717083653E-02
  0.6927310133E+02  0.3712394178E-02
  0.6932752410E+02  0.3705001153E-02
  0.6938194687E+02  0.3695361156E-02
  0.6943636963E+02  0.3684081415E-02
  0.6949079240E+02  0.3671893938E-02
  0.6954521517E+02  0.3659624526E-02
  0.6959963794E+02  0.3648158068E-02
  0.6965406071E+02  0.3638401626E-02
  0.6970848348E+02  0.3631246808E-02
  0.6976290625E+02  0.3627532905E-02
  0.6981732902E+02  0.3628012140E-02
  0.6987175179E+02  0.3633318230E-02
  0.6992617456E+02  0.3643939301E-02
  0.6998059732E+02  0.3660195931E-02
  0.7003502009E+02  0.3682224928E-02
  0.7008944286E+02  0.3709969189E-02
  0.7014386563E+02  0.3743173778E-02
  0.7019828840E+02  0.3781388143E-02
  0.7025271117E+02  0.3823974226E-02
  0.7030713394E+02  0.3870120047E-02
  0.7036155671E+02  0.3918858184E-02
  0.7041597948E+02  0.3969088514E-02
  0.7047040225E+02  0.4019604435E-02
  0.7052482501E+02  0.4069121772E-02
  0.7057924778E+02  0.4116309531E-02
  0.7063367055E+02  0.4159821629E-02
  0.7068809332E+02  0.4198328762E-02
  0.7074251609E+02  0.4230549593E-02
  0.7079693886E+02  0.4255280466E-02
  0.7085136163E+02  0.4271422947E-02
  0.7090578440E+02  0.4278008517E-02
  0.7096020717E+02  0.4274219875E-02
  0.7101462994E+02  0.4259408362E-02
  0.7106905270E+02  0.4233107148E-02
  0.7112347547E+02  0.4195039925E-02
  0.7117789824E+02  0.4145124964E-02
  0.7123232101E+02  0.4083474534E-02
  0.7128674378E+02  0.4010389772E-02
  0.7134116655E+02  0.3926351243E-02
  0.7139558932E+02  0.3832005527E-02
  0.7145001209E+02  0.3728148280E-02
  0.7150443486E+02  0.3615704308E-02
  0.7155885763E+02  0.3495705276E-02
  0.7161328039E+02  0.3369265714E-02
  0.7166770316E+02  0.3237558042E-02
  0.7172212593E+02  0.3101787334E-02
  0.7177654870E+02  0.2963166524E-02
  0.7183097147E+02  0.2822892741E-02
  0.7188539424E+02  0.2682125370E-02
  0.7193981701E+02  0.2541966390E-02
  0.7199423978E+02  0.2403443407E-02
  0.7204866255E+02  0.2267495718E-02
  0.7210308532E+02  0.2134963592E-02
  0.7215750808E+02  0.2006580860E-02
  0.7221193085E+02  0.1882970755E-02
  0.7226635362E+02  0.1764644862E-02
  0.7232077639E+02  0.1652004899E-02
  0.7237519916E+02  0.1545347008E-02
  0.7242962193E+02  0.1444868132E-02
  0.7248404470E+02  0.1350674053E-02
  0.7253846747E+02  0.1262788606E-02
  0.7259289024E+02  0.1181163633E-02
  0.7264731301E+02  0.1105689224E-02
  0.7270173577E+02  0.1036203869E-02
  0.7275615854E+02  0.9725041737E-03
  0.7281058131E+02  0.9143538920E-03
  0.7286500408E+02  0.8614920601E-03
  0.7291942685E+02  0.8136401256E-03
  0.7297384962E+02  0.7705080139E-03
  0.7302827239E+02  0.7317991460E-03
  0.7308269516E+02  0.6972144709E-03
  0.7313711793E+02  0.6664556206E-03
  0.7319154070E+02  0.6392273206E-03
  0.7324596346E+02  0.6152392070E-03
  0.7330038623E+02  0.5942072032E-03
  0.7335480900E+02  0.5758545987E-03
  0.7340923177E+02  0.5599129607E-03
  0.7346365454E+02  0.5461229772E-03
  0.7351807731E+02  0.5342353095E-03
  0.7357250008E+02  0.5240114954E-03
  0.7362692285E+02  0.5152249193E-03
  0.7368134562E+02  0.5076618359E-03
  0.7373576839E+02  0.5011224129E-03
  0.7379019115E+02  0.4954217437E-03
  0.7384461392E+02  0.4903907668E-03
  0.7389903669E+02  0.4858770311E-03
  0.7395345946E+02  0.4817452456E-03
  0.7400788223E+02  0.4778775633E-03
  0.7406230500E+02  0.4741735619E-03
  0.7411672777E+02  0.4705499020E-03
  0.7417115054E+02  0.4669396604E-03
  0.7422557331E+02  0.4632913576E-03
  0.7427999608E+02  0.4595677126E-03
  0.7433441884E+02  0.4557441777E-03
  0.7438884161E+02  0.4518073121E-03
  0.7444326438E+02  0.4477530651E-03
  0.7449768715E+02  0.4435850378E-03
  0.7455210992E+02  0.4393127927E-03
  0.7460653269E+02  0.4349502718E-03
  0.7466095546E+02  0.4305143744E-03
  0.7471537823E+02  0.4260237314E-03
  0.7476980100E+02  0.4214976987E-03
  0.7482422377E+02  0.4169555754E-03
  0.7487864653E+02  0.4124160390E-03
  0.7493306930E+02  0.4078967742E-03
  0.7498749207E+02  0.4034142627E-03
  0.7504191484E+02  0.3989836938E-03
  0.7509633761E+02  0.3946189507E-03
  0.7515076038E+02  0.3903326288E-03
  0.7520518315E+02  0.3861360454E-03
  0.7525960592E+02  0.3820392073E-03
  0.7531402869E+02  0.3780507132E-03
  0.7536845146E+02  0.3741775781E-03
  0.7542287422E+02  0.3704249804E-03
  0.7547729699E+02  0.3667959420E-03
  0.7553171976E+02  0.3632909657E-03
  0.7558614253E+02  0.3599076599E-03
  0.7564056530E+02  0.3566403877E-03
  0.7569498807E+02  0.3534799801E-03
  0.7574941084E+02  0.3504135540E-03
  0.7580383361E+02  0.3474244684E-03
  0.7585825638E+02  0.3444924513E-03
  0.7591267915E+02  0.3415939156E-03
  0.7596710191E+02  0.3387024759E-03
  0.7602152468E+02  0.3357896661E-03
  0.7607594745E+02  0.3328258468E-03
  0.7613037022E+02  0.3297812813E-03
  0.7618479299E+02  0.3266273524E-03
  0.7623921576E+02  0.3233378825E-03
  0.7629363853E+02  0.3198905203E-03
  0.7634806130E+02  0.3162681507E-03
  0.7640248407E+02  0.3124602877E-03
  0.7645690684E+02  0.3084644126E-03
  0.7651132960E+02  0.3042872206E-03
  0.7656575237E+02  0.2999457454E-03
  0.7662017514E+02  0.2954683339E-03
  0.7667459791E+02  0.2908954472E-03
  0.7672902068E+02  0.2862802659E-03
  0.7678344345E+02  0.2816890790E-03
  0.7683786622E+02  0.2772014361E-03
  0.7689228899E+02  0.2729100405E-03
  0.7694671176E+02  0.2689203582E-03
  0.7700113453E+02  0.2653499188E-03
  0.7705555729E+02  0.2623272783E-03
  0.7710998006E+02  0.2599906189E-03
  0.7716440283E+02  0.2584859592E-03
  0.7721882560E+02  0.2579649581E-03
  0.7727324837E+02  0.2585823006E-03
  0.7732767114E+02  0.2604926719E-03
  0.7738209391E+02  0.2638473383E-03
  0.7743651668E+02  0.2687903781E-03
  0.7749093945E+02  0.2754546257E-03
  0.7754536222E+02  0.2839574182E-03
  0.7759978498E+02  0.2943962561E-03
  0.7765420775E+02  0.3068445137E-03
  0.7770863052E+02  0.3213473521E-03
  0.7776305329E+02  0.3379179992E-03
  0.7781747606E+02  0.3565345707E-03
  0.7787189883E+02  0.3771375979E-03
  0.7792632160E+02  0.3996284205E-03
  0.7798074437E+02  0.4238685783E-03
  0.7803516714E+02  0.4496803045E-03
  0.7808958991E+02  0.4768481858E-03
  0.7814401267E+02  0.5051220051E-03
  0.7819843544E+02  0.5342207353E-03
  0.7825285821E+02  0.5638375972E-03
  0.7830728098E+02  0.5936460456E-03
  0.7836170375E+02  0.6233065005E-03
  0.7841612652E+02  0.6524735982E-03
  0.7847054929E+02  0.6808037120E-03
  0.7852497206E+02  0.7079624716E-03
  0.7857939483E+02  0.7336320087E-03
  0.7863381760E+02  0.7575176663E-03
  0.7868824036E+02  0.7793539352E-03
  0.7874266313E+02  0.7989094186E-03
  0.7879708590E+02  0.8159906730E-03
  0.7885150867E+02  0.8304448321E-03
  0.7890593144E+02  0.8421609793E-03
  0.7896035421E+02  0.8510702955E-03
  0.7901477698E+02  0.8571450670E-03
  0.7906919975E+02  0.8603966899E-03
  0.7912362252E+02  0.8608728460E-03
  0.7917804529E+02  0.8586540563E-03
  0.7923246805E+02  0.8538498292E-03
  0.7928689082E+02  0.8465946235E-03
  0.7934131359E+02  0.8370438296E-03
  0.7939573636E+02  0.8253699463E-03
  0.7945015913E+02  0.8117590938E-03
  0.7950458190E+02  0.7964079580E-03
  0.7955900467E+02  0.7795212152E-03
  0.7961342744E+02  0.7613094350E-03
  0.7966785021E+02  0.7419874180E-03
  0.7972227298E+02  0.7217728828E-03
  0.7977669574E+02  0.7008853904E-03
  0.7983111851E+02  0.6795453746E-03
  0.7988554128E+02  0.6579731407E-03
  0.7993996405E+02  0.6363877016E-03
  0.7999438682E+02  0.6150053366E-03
  0.8004880959E+02  0.5940377874E-03
  0.8010323236E+02  0.5736900391E-03
  0.8015765513E+02  0.5541576758E-03
  0.8021207790E+02  0.5356238429E-03
  0.8026650067E+02  0.5182558903E-03
  0.8032092343E+02  0.5022018091E-03
  0.8037534620E+02  0.4875866085E-03
  0.8042976897E+02  0.4745088021E-03
  0.8048419174E+02  0.4630371893E-03
  0.8053861451E+02  0.4532081208E-03
  0.8059303728E+02  0.4450234294E-03
  0.8064746005E+02  0.4384491910E-03
  0.8070188282E+02  0.4334154513E-03
  0.8075630559E+02  0.4298170168E-03
  0.8081072836E+02  0.4275153681E-03
  0.8086515112E+02  0.4263417020E-03
  0.8091957389E+02  0.4261010627E-03
  0.8097399666E+02  0.4265774717E-03
  0.8102841943E+02  0.4275399183E-03
  0.8108284220E+02  0.4287490345E-03
  0.8113726497E+02  0.4299642424E-03
  0.8119168774E+02  0.4309511375E-03
  0.8124611051E+02  0.4314888575E-03
  0.8130053328E+02  0.4313771833E-03
  0.8135495605E+02  0.4304431225E-03
  0.8140937881E+02  0.4285467491E-03
  0.8146380158E+02  0.4255860947E-03
  0.8151822435E+02  0.4215009255E-03
  0.8157264712E+02  0.4162752779E-03
  0.8162706989E+02  0.4099386741E-03
  0.8168149266E+02  0.4025659823E-03
  0.8173591543E+02  0.3942759355E-03
  0.8179033820E+02  0.3852283652E-03
  0.8184476097E+02  0.3756202471E-03
  0.8189918374E+02  0.3656806877E-03
  0.8195360650E+02  0.3556650096E-03
  0.8200802927E+02  0.3458481106E-03
  0.8206245204E+02  0.3365172841E-03
  0.8211687481E+02  0.3279646948E-03
  0.8217129758E+02  0.3204797003E-03
  0.8222572035E+02  0.3143412040E-03
  0.8228014312E+02  0.3098102136E-03
  0.8233456589E+02  0.3071227694E-03
  0.8238898866E+02  0.3064833877E-03
  0.8244341143E+02  0.3080591547E-03
  0.8249783419E+02  0.3119745889E-03
  0.8255225696E+02  0.3183073756E-03
  0.8260667973E+02  0.3270850668E-03
  0.8266110250E+02  0.3382828214E-03
  0.8271552527E+02  0.3518222523E-03
  0.8276994804E+02  0.3675714263E-03
  0.8282437081E+02  0.3853460519E-03
  0.8287879358E+02  0.4049118648E-03
  0.8293321635E+02  0.4259882034E-03
  0.8298763912E+02  0.4482527380E-03
  0.8304206188E+02  0.4713472896E-03
  0.8309648465E+02  0.4948846441E-03
  0.8315090742E+02  0.5184562335E-03
  0.8320533019E+02  0.5416405251E-03
  0.8325975296E+02  0.5640119283E-03
  0.8331417573E+02  0.5851500014E-03
  0.8336859850E+02  0.6046487187E-03
  0.8342302127E+02  0.6221255456E-03
  0.8347744404E+02  0.6372300606E-03
  0.8353186681E+02  0.6496518699E-03
  0.8358628957E+02  0.6591275729E-03
  0.8364071234E+02  0.6654465617E-03
  0.8369513511E+02  0.6684554730E-03
  0.8374955788E+02  0.6680611532E-03
  0.8380398065E+02  0.6642320471E-03
  0.8385840342E+02  0.6569979753E-03
  0.8391282619E+02  0.6464483218E-03
  0.8396724896E+02  0.6327287085E-03
  0.8402167173E+02  0.6160362878E-03
  0.8407609450E+02  0.5966138278E-03
  0.8413051726E+02  0.5747428076E-03
  0.8418494003E+02  0.5507357666E-03
  0.8423936280E+02  0.5249281711E-03
  0.8429378557E+02  0.4976700688E-03
  0.8434820834E+02  0.4693177976E-03
  0.8440263111E+02  0.4402259997E-03
  0.8445705388E+02  0.4107401687E-03
  0.8451147665E+02  0.3811899235E-03
  0.8456589942E+02  0.3518831669E-03
  0.8462032219E+02  0.3231012427E-03
  0.8467474495E+02  0.2950951615E-03
  0.8472916772E+02  0.2680829243E-03
  0.8478359049E+02  0.2422479299E-03
  0.8483801326E+02  0.2177384145E-03
  0.8489243603E+02  0.1946678439E-03
  0.8494685880E+02  0.1731161500E-03
  0.8500128157E+02  0.1531316851E-03
  0.8505570434E+02  0.1347337592E-03
  0.8511012711E+02  0.1179156149E-03
  0.8516454988E+02  0.1026477022E-03
  0.8521897264E+02  0.8888111616E-04
  0.8527339541E+02  0.7655107659E-04
  0.8532781818E+02  0.6558033921E-04
  0.8538224095E+02  0.5588244789E-04
  0.8543666372E+02  0.4736475368E-04
  0.8549108649E+02  0.3993114567E-04
  0.8554550926E+02  0.3348445631E-04
  0.8559993203E+02  0.2792852077E-04
  0.8565435480E+02  0.2316988457E-04
  0.8570877757E+02  0.1911916679E-04
  0.8576320033E+02  0.1569209625E-04
  0.8581762310E+02  0.1281024652E-04
  0.8587204587E+02  0.1040150092E-04
  0.8592646864E+02  0.8400282346E-05
  0.8598089141E+02  0.6747584432E-05
  0.8603531418E+02  0.5390840123E-05
  0.8608973695E+02  0.4283662599E-05
  0.8614415972E+02  0.3385490805E-05
  0.8619858249E+02  0.2661168672E-05
  0.8625300526E+02  0.2080483445E-05
  0.8630742802E+02  0.1617684646E-05
  0.8636185079E+02  0.1251001318E-05
  0.8641627356E+02  0.9621714796E-06
  0.8647069633E+02  0.7359942967E-06
  0.8652511910E+02  0.5599123872E-06
  0.8657954187E+02  0.4236290360E-06
  0.8663396464E+02  0.3187628537E-06
  0.8668838741E+02  0.2385406156E-06
  0.8674281018E+02  0.1775276024E-06
  0.8679723295E+02  0.1313937265E-06
  0.8685165571E+02  0.9671299279E-07
  0.8690607848E+02  0.7079339272E-07
  0.8696050125E+02  0.5153408926E-07
  0.8701492402E+02  0.3730669157E-07
  0.8706934679E+02  0.2685748938E-07
  0.8712376956E+02  0.1922768269E-07
  0.8717819233E+02  0.1368887246E-07
  0.8723261510E+02  0.9691343192E-08
  0.8728703787E+02  0.6822950771E-08
  0.8734146064E+02  0.4776710392E-08
  0.8739588340E+02  0.3325450403E-08
  0.8745030617E+02  0.2302149139E-08
  0.8750472894E+02  0.1584799857E-08
  0.8755915171E+02  0.1084850774E-08
  0.8761357448E+02  0.7384428128E-09
  0.8766799725E+02  0.4998178314E-09
  0.8772242002E+02  0.3363964630E-09
  0.8777684279E+02  0.2251296694E-09
  0.8783126556E+02  0.1498140634E-09
  0.8788568833E+02  0.9913064455E-10
  0.8794011109E+02  0.6522225236E-10
  0.8799453386E+02  0.4266907734E-10
  0.8804895663E+02  0.2775603614E-10
  0.8810337940E+02  0.1795252703E-10
  0.8815780217E+02  0.1154555849E-10
  0.8821222494E+02  0.7382829585E-11
  0.8826664771E+02  0.4694038803E-11
  0.8832107048E+02  0.2967453311E-11
  0.8837549325E+02  0.1865228392E-11
  0.8842991602E+02  0.1165704899E-11
  0.8848433878E+02  0.7243548053E-12
  0.8853876155E+02  0.4475256042E-12
  0.8859318432E+02  0.2749071315E-12
  0.8864760709E+02  0.1679010912E-12
  0.8870202986E+02  0.1019572939E-12
  0.8875645263E+02  0.6155711864E-13
  0.8881087540E+02  0.3695080701E-13
  0.8886529817E+02  0.2205306521E-13
  0.8891972094E+02  0.1308589035E-13
  0.8897414371E+02  0.7720137393E-14
  0.8902856647E+02  0.4528271177E-14
  0.8908298924E+02  0.2632274228E-14
  0.8913741201E+02  0.1522934180E-14
  0.8919183478E+02  0.8707022320E-15
  0.8924625755E+02  0.4993403419E-15
  0.8930068032E+02  0.2846994957E-15
  0.8935510309E+02  0.1580364058E-15
  0.8940952586E+02  0.8505561011E-16
  0.8946394863E+02  0.4774720858E-16
  0.8951837140E+02  0.2520491972E-16
  0.8957279416E+02  0.1399671052E-16
  0.8962721693E+02  0.7726699473E-17
  0.8968163970E+02  0.0000000000E+00
  0.8973606247E+02  0.0000000000E+00
  0.8979048524E+02  0.0000000000E+00
  0.8984490801E+02  0.0000000000E+00
  0.8989933078E+02  0.0000000000E+00
  0.8995375355E+02  0.0000000000E+00
  0.9000817632E+02  0.0000000000E+00
  0.9006259909E+02  0.0000000000E+00
  0.9011702185E+02  0.0000000000E+00
  0.9017144462E+02  0.0000000000E+00
  0.9022586739E+02  0.0000000000E+00
  0.9028029016E+02  0.0000000000E+00
  0.9033471293E+02  0.0000000000E+00
  0.9038913570E+02  0.0000000000E+00
  0.9044355847E+02  0.0000000000E+00
  0.9049798124E+02  0.0000000000E+00
  0.9055240401E+02  0.0000000000E+00
  0.9060682678E+02  0.0000000000E+00
  0.9066124954E+02  0.0000000000E+00
  0.9071567231E+02  0.0000000000E+00
  0.9077009508E+02  0.0000000000E+00
  0.9082451785E+02  0.0000000000E+00
  0.9087894062E+02  0.0000000000E+00
  0.9093336339E+02  0.0000000000E+00
  0.9098778616E+02  0.0000000000E+00
  0.9104220893E+02  0.0000000000E+00
  0.9109663170E+02  0.0000000000E+00
  0.9115105447E+02  0.0000000000E+00
  0.9120547723E+02  0.0000000000E+00
  0.9125990000E+02  0.0000000000E+00
  0.9131432277E+02  0.0000000000E+00
  0.9136874554E+02  0.0000000000E+00
  0.9142316831E+02  0.0000000000E+00
  0.9147759108E+02  0.0000000000E+00
  0.9153201385E+02  0.0000000000E+00
  0.9158643662E+02  0.0000000000E+00
  0.9164085939E+02  0.0000000000E+00
  0.9169528216E+02  0.0000000000E+00
  0.9174970492E+02  0.0000000000E+00
  0.9180412769E+02  0.0000000000E+00
  0.9185855046E+02  0.0000000000E+00
  0.9191297323E+02  0.0000000000E+00
  0.9196739600E+02  0.0000000000E+00
  0.9202181877E+02  0.0000000000E+00
  0.9207624154E+02  0.0000000000E+00
  0.9213066431E+02  0.0000000000E+00
  0.9218508708E+02  0.0000000000E+00
  0.9223950985E+02  0.0000000000E+00
  0.9229393261E+02  0.0000000000E+00
  0.9234835538E+02  0.0000000000E+00
  0.9240277815E+02  0.0000000000E+00
  0.9245720092E+02  0.0000000000E+00
  0.9251162369E+02  0.0000000000E+00
  0.9256604646E+02  0.0000000000E+00
  0.9262046923E+02  0.0000000000E+00
  0.9267489200E+02  0.0000000000E+00
  0.9272931477E+02  0.0000000000E+00
  0.9278373754E+02  0.0000000000E+00
  0.9283816030E+02  0.0000000000E+00
  0.9289258307E+02  0.0000000000E+00
  0.9294700584E+02  0.0000000000E+00
  0.9300142861E+02  0.0000000000E+00
  0.9305585138E+02  0.0000000000E+00
  0.9311027415E+02  0.0000000000E+00
  0.9316469692E+02  0.0000000000E+00
  0.9321911969E+02  0.0000000000E+00
  0.9327354246E+02  0.0000000000E+00
  0.9332796523E+02  0.0000000000E+00
  0.9338238799E+02  0.0000000000E+00
  0.9343681076E+02  0.0000000000E+00
  0.9349123353E+02  0.0000000000E+00
  0.9354565630E+02  0.0000000000E+00
  0.9360007907E+02  0.0000000000E+00
  0.9365450184E+02  0.0000000000E+00
  0.9370892461E+02  0.0000000000E+00
  0.9376334738E+02  0.0000000000E+00
  0.9381777015E+02  0.0000000000E+00
  0.9387219292E+02  0.0000000000E+00
  0.9392661568E+02  0.0000000000E+00
  0.9398103845E+02  0.0000000000E+00
  0.9403546122E+02  0.0000000000E+00
  0.9408988399E+02  0.0000000000E+00
  0.9414430676E+02  0.0000000000E+00
  0.9419872953E+02  0.0000000000E+00
  0.9425315230E+02  0.0000000000E+00
  0.9430757507E+02  0.0000000000E+00
  0.9436199784E+02  0.0000000000E+00
  0.9441642061E+02  0.0000000000E+00
  0.9447084337E+02  0.0000000000E+00
  0.9452526614E+02  0.0000000000E+00
  0.9457968891E+02  0.0000000000E+00
  0.9463411168E+02  0.0000000000E+00
  0.9468853445E+02  0.0000000000E+00
  0.9474295722E+02  0.0000000000E+00
  0.9479737999E+02  0.0000000000E+00
  0.9485180276E+02  0.0000000000E+00
  0.9490622553E+02  0.0000000000E+00
  0.9496064830E+02  0.0000000000E+00
  0.9501507106E+02  0.0000000000E+00
  0.9506949383E+02  0.0000000000E+00
  0.9512391660E+02  0.0000000000E+00
  0.9517833937E+02  0.0000000000E+00
  0.9523276214E+02  0.0000000000E+00
  0.9528718491E+02  0.0000000000E+00
  0.9534160768E+02  0.0000000000E+00
  0.9539603045E+02  0.0000000000E+00
  0.9545045322E+02  0.0000000000E+00
  0.9550487599E+02  0.0000000000E+00
  0.9555929875E+02  0.0000000000E+00
  0.9561372152E+02  0.0000000000E+00
  0.9566814429E+02  0.0000000000E+00
  0.9572256706E+02  0.0000000000E+00
  0.9577698983E+02  0.0000000000E+00
  0.9583141260E+02  0.0000000000E+00
  0.9588583537E+02  0.0000000000E+00
  0.9594025814E+02  0.0000000000E+00
  0.9599468091E+02  0.0000000000E+00
  0.9604910368E+02  0.0000000000E+00
  0.9610352644E+02  0.0000000000E+00
  0.9615794921E+02  0.0000000000E+00
  0.9621237198E+02  0.0000000000E+00
  0.9626679475E+02  0.0000000000E+00
  0.9632121752E+02  0.0000000000E+00
  0.9637564029E+02  0.0000000000E+00
  0.9643006306E+02  0.0000000000E+00
  0.9648448583E+02  0.0000000000E+00
  0.9653890860E+02  0.0000000000E+00
  0.9659333137E+02  0.0000000000E+00
  0.9664775413E+02  0.0000000000E+00
  0.9670217690E+02  0.0000000000E+00
  0.9675659967E+02  0.0000000000E+00
  0.9681102244E+02  0.0000000000E+00
  0.9686544521E+02  0.0000000000E+00
  0.9691986798E+02  0.0000000000E+00
  0.9697429075E+02  0.0000000000E+00
  0.9702871352E+02  0.0000000000E+00
  0.9708313629E+02  0.0000000000E+00
  0.9713755906E+02  0.0000000000E+00
  0.9719198182E+02  0.0000000000E+00
  0.9724640459E+02  0.0000000000E+00
  0.9730082736E+02  0.0000000000E+00
  0.9735525013E+02  0.0000000000E+00
  0.9740967290E+02  0.0000000000E+00
  0.9746409567E+02  0.0000000000E+00
  0.9751851844E+02  0.0000000000E+00
  0.9757294121E+02  0.0000000000E+00
  0.9762736398E+02  0.0000000000E+00
  0.9768178675E+02  0.0000000000E+00
  0.9773620951E+02  0.0000000000E+00
  0.9779063228E+02  0.0000000000E+00
  0.9784505505E+02  0.0000000000E+00
  0.9789947782E+02  0.0000000000E+00
  0.9795390059E+02  0.0000000000E+00
  0.9800832336E+02  0.0000000000E+00
  0.9806274613E+02  0.0000000000E+00
  0.9811716890E+02  0.0000000000E+00
  0.9817159167E+02  0.0000000000E+00
  0.9822601444E+02  0.0000000000E+00
  0.9828043720E+02  0.0000000000E+00
  0.9833485997E+02  0.0000000000E+00
  0.9838928274E+02  0.0000000000E+00
  0.9844370551E+02  0.0000000000E+00
  0.9849812828E+02  0.0000000000E+00
  0.9855255105E+02  0.0000000000E+00
  0.9860697382E+02  0.0000000000E+00
  0.9866139659E+02  0.0000000000E+00
  0.9871581936E+02  0.0000000000E+00
  0.9877024213E+02  0.0000000000E+00
  0.9882466489E+02  0.0000000000E+00
  0.9887908766E+02  0.0000000000E+00
  0.9893351043E+02  0.0000000000E+00
  0.9898793320E+02  0.0000000000E+00
  0.9904235597E+02  0.0000000000E+00
  0.9909677874E+02  0.0000000000E+00
  0.9915120151E+02  0.0000000000E+00
  0.9920562428E+02  0.0000000000E+00
  0.9926004705E+02  0.0000000000E+00
  0.9931446982E+02  0.0000000000E+00
  0.9936889258E+02  0.0000000000E+00
  0.9942331535E+02  0.0000000000E+00
  0.9947773812E+02  0.0000000000E+00
  0.9953216089E+02  0.0000000000E+00
  0.9958658366E+02  0.0000000000E+00
  0.9964100643E+02  0.0000000000E+00
  0.9969542920E+02  0.0000000000E+00
  0.9974985197E+02  0.0000000000E+00
  0.9980427474E+02  0.0000000000E+00
  0.9985869751E+02  0.0000000000E+00
  0.9991312027E+02  0.0000000000E+00
  0.9996754304E+02  0.0000000000E+00
  0.1000219658E+03  0.0000000000E+00
  0.1000763886E+03  0.0000000000E+00
  0.1001308114E+03  0.0000000000E+00
  0.1001852341E+03  0.0000000000E+00
  0.1002396569E+03  0.0000000000E+00
  0.1002940797E+03  0.0000000000E+00
  0.1003485024E+03  0.0000000000E+00
  0.1004029252E+03  0.0000000000E+00
  0.1004573480E+03  0.0000000000E+00
  0.1005117707E+03  0.0000000000E+00
  0.1005661935E+03  0.0000000000E+00
  0.1006206163E+03  0.0000000000E+00
  0.1006750390E+03  0.0000000000E+00
  0.1007294618E+03  0.0000000000E+00
  0.1007838846E+03  0.0000000000E+00
  0.1008383073E+03  0.0000000000E+00
  0.1008927301E+03  0.0000000000E+00
  0.1009471529E+03  0.0000000000E+00
  0.1010015757E+03  0.0000000000E+00
  0.1010559984E+03  0.0000000000E+00
  0.1011104212E+03  0.0000000000E+00
  0.1011648440E+03  0.0000000000E+00
  0.1012192667E+03  0.0000000000E+00
  0.1012736895E+03  0.0000000000E+00
  0.1013281123E+03  0.0000000000E+00
  0.1013825350E+03  0.0000000000E+00
  0.1014369578E+03  0.0000000000E+00
  0.1014913806E+03  0.0000000000E+00
  0.1015458033E+03  0.0000000000E+00
  0.1016002261E+03  0.0000000000E+00
  0.1016546489E+03  0.0000000000E+00
  0.1017090717E+03  0.0000000000E+00
  0.1017634944E+03  0.0000000000E+00
  0.1018179172E+03  0.0000000000E+00
  0.1018723400E+03  0.0000000000E+00
  0.1019267627E+03  0.0000000000E+00
  0.1019811855E+03  0.0000000000E+00
  0.1020356083E+03  0.0000000000E+00
  0.1020900310E+03  0.0000000000E+00
  0.1021444538E+03  0.0000000000E+00
  0.1021988766E+03  0.0000000000E+00
  0.1022532993E+03  0.0000000000E+00
  0.1023077221E+03  0.0000000000E+00
  0.1023621449E+03  0.0000000000E+00
  0.1024165676E+03  0.0000000000E+00
  0.1024709904E+03  0.0000000000E+00
  0.1025254132E+03  0.0000000000E+00
  0.1025798360E+03  0.0000000000E+00
  0.1026342587E+03  0.0000000000E+00
  0.1026886815E+03  0.0000000000E+00
  0.1027431043E+03  0.0000000000E+00
  0.1027975270E+03  0.0000000000E+00
  0.1028519498E+03  0.0000000000E+00
  0.1029063726E+03  0.0000000000E+00
  0.1029607953E+03  0.0000000000E+00
  0.1030152181E+03  0.0000000000E+00
  0.1030696409E+03  0.0000000000E+00
  0.1031240636E+03  0.0000000000E+00
  0.1031784864E+03  0.0000000000E+00
  0.1032329092E+03  0.0000000000E+00
  0.1032873320E+03  0.0000000000E+00
  0.1033417547E+03  0.0000000000E+00
  0.1033961775E+03  0.0000000000E+00
  0.1034506003E+03  0.0000000000E+00
  0.1035050230E+03  0.0000000000E+00
  0.1035594458E+03  0.0000000000E+00
  0.1036138686E+03  0.0000000000E+00
  0.1036682913E+03  0.0000000000E+00
  0.1037227141E+03  0.0000000000E+00
  0.1037771369E+03  0.0000000000E+00
  0.1038315596E+03  0.0000000000E+00
  0.1038859824E+03  0.0000000000E+00
  0.1039404052E+03  0.0000000000E+00
  0.1039948279E+03  0.0000000000E+00
  0.1040492507E+03  0.0000000000E+00
  0.1041036735E+03  0.0000000000E+00
  0.1041580963E+03  0.0000000000E+00
  0.1042125190E+03  0.0000000000E+00
  0.1042669418E+03  0.0000000000E+00
  0.1043213646E+03  0.0000000000E+00
  0.1043757873E+03  0.0000000000E+00
  0.1044302101E+03  0.0000000000E+00
  0.1044846329E+03  0.0000000000E+00
  0.1045390556E+03  0.0000000000E+00
  0.1045934784E+03  0.0000000000E+00
  0.1046479012E+03  0.0000000000E+00
  0.1047023239E+03  0.0000000000E+00
  0.1047567467E+03  0.0000000000E+00
  0.1048111695E+03  0.0000000000E+00
  0.1048655923E+03  0.0000000000E+00
  0.1049200150E+03  0.0000000000E+00
  0.1049744378E+03  0.0000000000E+00
  0.1050288606E+03  0.0000000000E+00
  0.1050832833E+03  0.0000000000E+00
  0.1051377061E+03  0.0000000000E+00
  0.1051921289E+03  0.0000000000E+00
  0.1052465516E+03  0.0000000000E+00
  0.1053009744E+03  0.0000000000E+00
  0.1053553972E+03  0.0000000000E+00
  0.1054098199E+03  0.0000000000E+00
  0.1054642427E+03  0.0000000000E+00
  0.1055186655E+03  0.0000000000E+00
  0.1055730883E+03  0.0000000000E+00
  0.1056275110E+03  0.0000000000E+00
  0.1056819338E+03  0.0000000000E+00
  0.1057363566E+03  0.0000000000E+00
  0.1057907793E+03  0.0000000000E+00
  0.1058452021E+03  0.0000000000E+00
  0.1058996249E+03  0.0000000000E+00
  0.1059540476E+03  0.0000000000E+00
  0.1060084704E+03  0.0000000000E+00
  0.1060628932E+03  0.0000000000E+00
  0.1061173159E+03  0.0000000000E+00
  0.1061717387E+03  0.0000000000E+00
  0.1062261615E+03  0.0000000000E+00
  0.1062805842E+03  0.0000000000E+00
  0.1063350070E+03  0.0000000000E+00
  0.1063894298E+03  0.0000000000E+00
  0.1064438526E+03  0.0000000000E+00
  0.1064982753E+03  0.0000000000E+00
  0.1065526981E+03  0.0000000000E+00
  0.1066071209E+03  0.0000000000E+00
  0.1066615436E+03  0.0000000000E+00
  0.1067159664E+03  0.0000000000E+00
  0.1067703892E+03  0.0000000000E+00
  0.1068248119E+03  0.0000000000E+00
  0.1068792347E+03  0.0000000000E+00
  0.1069336575E+03  0.0000000000E+00
  0.1069880802E+03  0.0000000000E+00
  0.1070425030E+03  0.0000000000E+00
  0.1070969258E+03  0.0000000000E+00
  0.1071513486E+03  0.0000000000E+00
  0.1072057713E+03  0.0000000000E+00
  0.1072601941E+03  0.0000000000E+00
  0.1073146169E+03  0.0000000000E+00
  0.1073690396E+03  0.0000000000E+00
  0.1074234624E+03  0.0000000000E+00
  0.1074778852E+03  0.0000000000E+00
  0.1075323079E+03  0.0000000000E+00
  0.1075867307E+03  0.0000000000E+00
  0.1076411535E+03  0.0000000000E+00
  0.1076955762E+03  0.0000000000E+00
  0.1077499990E+03  0.0000000000E+00
  0.1078044218E+03  0.0000000000E+00
  0.1078588445E+03  0.0000000000E+00
  0.1079132673E+03  0.0000000000E+00
  0.1079676901E+03  0.0000000000E+00
  0.1080221129E+03  0.0000000000E+00
  0.1080765356E+03  0.0000000000E+00
  0.1081309584E+03  0.0000000000E+00
  0.1081853812E+03  0.0000000000E+00
  0.1082398039E+03  0.0000000000E+00
  0.1082942267E+03  0.0000000000E+00
  0.1083486495E+03  0.0000000000E+00
  0.1084030722E+03  0.0000000000E+00
  0.1084574950E+03  0.0000000000E+00
  0.1085119178E+03  0.0000000000E+00
  0.1085663405E+03  0.0000000000E+00
  0.1086207633E+03  0.0000000000E+00
  0.1086751861E+03  0.0000000000E+00
  0.1087296089E+03  0.0000000000E+00
  0.1087840316E+03  0.0000000000E+00
  0.1088384544E+03  0.0000000000E+00
  0.1088928772E+03  0.0000000000E+00
  0.1089472999E+03  0.0000000000E+00
  0.1090017227E+03  0.0000000000E+00
  0.1090561455E+03  0.0000000000E+00
  0.1091105682E+03  0.0000000000E+00
  0.1091649910E+03  0.0000000000E+00
  0.1092194138E+03  0.0000000000E+00
  0.1092738365E+03  0.0000000000E+00
  0.1093282593E+03  0.0000000000E+00
  0.1093826821E+03  0.0000000000E+00
  0.1094371048E+03  0.0000000000E+00
  0.1094915276E+03  0.0000000000E+00
  0.1095459504E+03  0.0000000000E+00
  0.1096003732E+03  0.0000000000E+00
  0.1096547959E+03  0.0000000000E+00
  0.1097092187E+03  0.0000000000E+00
  0.1097636415E+03  0.0000000000E+00
  0.1098180642E+03  0.0000000000E+00
  0.1098724870E+03  0.0000000000E+00
  0.1099269098E+03  0.0000000000E+00
  0.1099813325E+03  0.0000000000E+00
  0.1100357553E+03  0.0000000000E+00
  0.1100901781E+03  0.0000000000E+00
  0.1101446008E+03  0.0000000000E+00
  0.1101990236E+03  0.0000000000E+00
  0.1102534464E+03  0.0000000000E+00
  0.1103078692E+03  0.0000000000E+00
  0.1103622919E+03  0.0000000000E+00
  0.1104167147E+03  0.0000000000E+00
  0.1104711375E+03  0.0000000000E+00
  0.1105255602E+03  0.0000000000E+00
  0.1105799830E+03  0.0000000000E+00
  0.1106344058E+03  0.0000000000E+00
  0.1106888285E+03  0.0000000000E+00
  0.1107432513E+03  0.0000000000E+00
  0.1107976741E+03  0.0000000000E+00
  0.1108520968E+03  0.0000000000E+00
  0.1109065196E+03  0.0000000000E+00
  0.1109609424E+03  0.0000000000E+00
  0.1110153652E+03  0.0000000000E+00
  0.1110697879E+03  0.0000000000E+00
  0.1111242107E+03  0.0000000000E+00
  0.1111786335E+03  0.0000000000E+00
  0.1112330562E+03  0.0000000000E+00
  0.1112874790E+03  0.0000000000E+00
  0.1113419018E+03  0.0000000000E+00
  0.1113963245E+03  0.0000000000E+00
  0.1114507473E+03  0.0000000000E+00
  0.1115051701E+03  0.0000000000E+00
  0.1115595928E+03  0.0000000000E+00
  0.1116140156E+03  0.0000000000E+00
  0.1116684384E+03  0.0000000000E+00
  0.1117228611E+03  0.0000000000E+00
  0.1117772839E+03  0.0000000000E+00
  0.1118317067E+03  0.0000000000E+00
  0.1118861295E+03  0.0000000000E+00
  0.1119405522E+03  0.0000000000E+00
  0.1119949750E+03  0.0000000000E+00
  0.1120493978E+03  0.0000000000E+00
  0.1121038205E+03  0.0000000000E+00
  0.1121582433E+03  0.0000000000E+00
  0.1122126661E+03  0.0000000000E+00
  0.1122670888E+03  0.0000000000E+00
  0.1123215116E+03  0.0000000000E+00
  0.1123759344E+03  0.0000000000E+00
  0.1124303571E+03  0.0000000000E+00
  0.1124847799E+03  0.0000000000E+00
  0.1125392027E+03  0.0000000000E+00
  0.1125936255E+03  0.0000000000E+00
  0.1126480482E+03  0.0000000000E+00
  0.1127024710E+03  0.0000000000E+00
  0.1127568938E+03  0.0000000000E+00
  0.1128113165E+03  0.0000000000E+00
  0.1128657393E+03  0.0000000000E+00
  0.1129201621E+03  0.0000000000E+00
  0.1129745848E+03  0.0000000000E+00
  0.1130290076E+03  0.0000000000E+00
  0.1130834304E+03  0.0000000000E+00
  0.1131378531E+03  0.0000000000E+00
  0.1131922759E+03  0.0000000000E+00
  0.1132466987E+03  0.0000000000E+00
  0.1133011214E+03  0.0000000000E+00
  0.1133555442E+03  0.0000000000E+00
  0.1134099670E+03  0.0000000000E+00
  0.1134643898E+03  0.0000000000E+00
  0.1135188125E+03  0.0000000000E+00
  0.1135732353E+03  0.0000000000E+00
  0.1136276581E+03  0.0000000000E+00
  0.1136820808E+03  0.0000000000E+00
  0.1137365036E+03  0.0000000000E+00
  0.1137909264E+03  0.0000000000E+00
  0.1138453491E+03  0.0000000000E+00
  0.1138997719E+03  0.0000000000E+00
  0.1139541947E+03  0.0000000000E+00
  0.1140086174E+03  0.0000000000E+00
  0.1140630402E+03  0.0000000000E+00
  0.1141174630E+03  0.0000000000E+00
  0.1141718858E+03  0.0000000000E+00
  0.1142263085E+03  0.0000000000E+00
  0.1142807313E+03  0.0000000000E+00
  0.1143351541E+03  0.0000000000E+00
  0.1143895768E+03  0.0000000000E+00
  0.1144439996E+03  0.0000000000E+00
  0.1144984224E+03  0.0000000000E+00
  0.1145528451E+03  0.0000000000E+00
  0.1146072679E+03  0.0000000000E+00
  0.1146616907E+03  0.0000000000E+00
  0.1147161134E+03  0.0000000000E+00
  0.1147705362E+03  0.0000000000E+00
  0.1148249590E+03  0.0000000000E+00
  0.1148793817E+03  0.0000000000E+00
  0.1149338045E+03  0.0000000000E+00
  0.1149882273E+03  0.0000000000E+00
  0.1150426501E+03  0.0000000000E+00
  0.1150970728E+03  0.0000000000E+00
  0.1151514956E+03  0.0000000000E+00
  0.1152059184E+03  0.0000000000E+00
  0.1152603411E+03  0.0000000000E+00
  0.1153147639E+03  0.0000000000E+00
  0.1153691867E+03  0.0000000000E+00
  0.1154236094E+03  0.0000000000E+00
  0.1154780322E+03  0.0000000000E+00
  0.1155324550E+03  0.0000000000E+00
  0.1155868777E+03  0.0000000000E+00
  0.1156413005E+03  0.0000000000E+00
  0.1156957233E+03  0.0000000000E+00
  0.1157501461E+03  0.0000000000E+00
  0.1158045688E+03  0.0000000000E+00
  0.1158589916E+03  0.0000000000E+00
  0.1159134144E+03  0.0000000000E+00
  0.1159678371E+03  0.0000000000E+00
  0.1160222599E+03  0.0000000000E+00
  0.1160766827E+03  0.0000000000E+00
  0.1161311054E+03  0.0000000000E+00
  0.1161855282E+03  0.0000000000E+00
  0.1162399510E+03  0.0000000000E+00
  0.1162943737E+03  0.0000000000E+00
  0.1163487965E+03  0.0000000000E+00
  0.1164032193E+03  0.0000000000E+00
  0.1164576421E+03  0.0000000000E+00
  0.1165120648E+03  0.0000000000E+00
  0.1165664876E+03  0.0000000000E+00
  0.1166209104E+03  0.0000000000E+00
  0.1166753331E+03  0.0000000000E+00
  0.1167297559E+03  0.0000000000E+00
  0.1167841787E+03  0.0000000000E+00
  0.1168386014E+03  0.0000000000E+00
  0.1168930242E+03  0.0000000000E+00
  0.1169474470E+03  0.0000000000E+00
  0.1170018697E+03  0.0000000000E+00
  0.1170562925E+03  0.0000000000E+00
  0.1171107153E+03  0.0000000000E+00
  0.1171651380E+03  0.0000000000E+00
  0.1172195608E+03  0.0000000000E+00
  0.1172739836E+03  0.0000000000E+00
  0.1173284064E+03  0.0000000000E+00
