 ===== energy eigen values =====
 ik =    1 (  0.500000  0.000000  0.500000 )
     -1.20127122     -1.20127121     -1.20127023     -1.20127022     -1.19752243
     -1.19752241     -1.19752188     -1.19752187     -1.19644333     -1.19644331
     -1.19644281     -1.19644279     -1.19613615     -1.19613614     -1.19613527
     -1.19613527     -1.19481531     -1.19481530     -1.19481444     -1.19481443
     -1.19276630     -1.19276629     -1.19276530     -1.19276529     -0.39455313
     -0.39455310     -0.39455102     -0.39455099     -0.36256553     -0.36256550
     -0.36256334     -0.36256330     -0.35811820     -0.35811748     -0.35811742
     -0.35811670     -0.34734841     -0.34734764     -0.34734755     -0.34734678
     -0.09246340     -0.09246315     -0.09246293     -0.09246267     -0.09003759
     -0.09003755     -0.09003646     -0.09003643     -0.08263164     -0.08263153
     -0.08263104     -0.08263093     -0.04923594     -0.04923589     -0.04923324
     -0.04923320     -0.04551089     -0.04551057     -0.04551045     -0.04551013
     -0.02875342     -0.02875336     -0.02875089     -0.02875082     -0.01981257
     -0.01981252     -0.01981214     -0.01981209     -0.00895302     -0.00895280
     -0.00895250     -0.00895228      0.00394062      0.00394068      0.00394183
      0.00394189      0.02756008      0.02756012      0.02756087      0.02756092
      0.03162132      0.03162141      0.03162168      0.03162177      0.04344252
      0.04344260      0.04344294      0.04344302      0.06867921      0.06867935
      0.06868028      0.06868041      0.07368742      0.07368746      0.07368747
      0.07368751      0.16792027      0.16792031      0.16792060      0.16792063
      0.17277945      0.17277951      0.17278022      0.17278028      0.17514956
      0.17514962      0.17515028      0.17515034      0.18773251      0.18773264
      0.18773311      0.18773324      0.20500132      0.20500141      0.20500207
      0.20500216      0.21034022      0.21034025      0.21034037      0.21034040
      0.22671140      0.22671148      0.22671234      0.22671243      0.25394553
      0.25394570      0.25394629      0.25394639
 ===== energy eigen values =====
 ik =    2 (  0.000000  0.000000  0.500000 )
     -1.20350330     -1.20350330     -1.20350316     -1.20350316     -1.20350218
     -1.20350217     -1.19743292     -1.19743292     -1.19482431     -1.19482431
     -1.19482292     -1.19482292     -1.19482265     -1.19482265     -1.19414748
     -1.19414748     -1.19414737     -1.19414737     -1.19414710     -1.19414710
     -1.19136566     -1.19136566     -1.19136566     -1.19136566     -0.42410175
     -0.42410175     -0.37485569     -0.37485569     -0.35692052     -0.35691939
     -0.35691923     -0.35691887     -0.35691855     -0.35691674     -0.34813113
     -0.34812993     -0.34812974     -0.34812935     -0.34812905     -0.34812708
     -0.11595033     -0.11595005     -0.11595001     -0.11594991     -0.11594980
     -0.11594961     -0.11221433     -0.11221433     -0.08373111     -0.08373071
     -0.08373061     -0.08373050     -0.08373050     -0.08373021     -0.05029836
     -0.05029802     -0.05029791     -0.05029774     -0.05029754     -0.05029702
     -0.02088695     -0.02088689     -0.02088684     -0.02088680     -0.02088679
     -0.02088677     -0.00082398     -0.00082398     -0.00082398     -0.00082398
      0.02343220      0.02343283      0.02343299      0.02343320      0.02343330
      0.02343442      0.02760977      0.02760977      0.03920776      0.03920776
      0.03920776      0.03920776      0.05534223      0.05534227      0.05534271
      0.05534272      0.05534277      0.05534280      0.07045288      0.07045295
      0.07045304      0.07045306      0.07045317      0.07045328      0.10875316
      0.10875316      0.16924441      0.16924444      0.16924453      0.16924454
      0.16924504      0.16924508      0.18751099      0.18751102      0.18751170
      0.18751171      0.18751183      0.18751239      0.19166935      0.19166935
      0.19166935      0.19166935      0.19833986      0.19833986      0.19833986
      0.19833986      0.23352408      0.23352454      0.23352467      0.23352484
      0.23352778      0.23371635      0.24521680      0.24521688      0.24521697
      0.24521699      0.24522025      0.24524273
 ===== occupations =====
 ik =    1 (  0.500000  0.000000  0.500000 )
      1.00000000      1.00000000      1.00000000      1.00000000      1.00000000
      1.00000000      1.00000000      1.00000000      1.00000000      1.00000000
      1.00000000      1.00000000      1.00000000      1.00000000      1.00000000
      1.00000000      1.00000000      1.00000000      1.00000000      1.00000000
      1.00000000      1.00000000      1.00000000      1.00000000      1.00000000
      1.00000000      1.00000000      1.00000000      1.00000000      1.00000000
      1.00000000      1.00000000      1.00000000      1.00000000      1.00000000
      1.00000000      1.00000000      1.00000000      1.00000000      1.00000000
      1.00000000      1.00000000      1.00000000      1.00000000      1.00000000
      1.00000000      1.00000000      1.00000000      1.00000000      1.00000000
      1.00000000      1.00000000      1.00000000      1.00000000      1.00000000
      1.00000000      1.00000000      1.00000000      1.00000000      1.00000000
      1.00000000      1.00000000      1.00000000      1.00000000      1.00000000
      1.00000000      1.00000000      1.00000000      1.00000000      1.00000000
      1.00000000      1.00000000      1.00000000      1.00000000      1.00000000
      1.00000000      1.00000000      1.00000000      1.00000000      1.00000000
      1.00000000      1.00000000      1.00000000      1.00000000      1.00000000
      1.00000000      1.00000000      1.00000000      1.00000000      1.00000000
      1.00000000      1.00000000      1.00000000      1.00000000      1.00000000
      1.00000000      0.00000000      0.00000000      0.00000000      0.00000000
      0.00000000      0.00000000      0.00000000      0.00000000      0.00000000
      0.00000000      0.00000000      0.00000000      0.00000000      0.00000000
      0.00000000      0.00000000      0.00000000      0.00000000      0.00000000
      0.00000000      0.00000000      0.00000000      0.00000000      0.00000000
      0.00000000      0.00000000      0.00000000      0.00000000      0.00000000
      0.00000000      0.00000000      0.00000000
 ===== occupations =====
 ik =    2 (  0.000000  0.000000  0.500000 )
      1.00000000      1.00000000      1.00000000      1.00000000      1.00000000
      1.00000000      1.00000000      1.00000000      1.00000000      1.00000000
      1.00000000      1.00000000      1.00000000      1.00000000      1.00000000
      1.00000000      1.00000000      1.00000000      1.00000000      1.00000000
      1.00000000      1.00000000      1.00000000      1.00000000      1.00000000
      1.00000000      1.00000000      1.00000000      1.00000000      1.00000000
      1.00000000      1.00000000      1.00000000      1.00000000      1.00000000
      1.00000000      1.00000000      1.00000000      1.00000000      1.00000000
      1.00000000      1.00000000      1.00000000      1.00000000      1.00000000
      1.00000000      1.00000000      1.00000000      1.00000000      1.00000000
      1.00000000      1.00000000      1.00000000      1.00000000      1.00000000
      1.00000000      1.00000000      1.00000000      1.00000000      1.00000000
      1.00000000      1.00000000      1.00000000      1.00000000      1.00000000
      1.00000000      1.00000000      1.00000000      1.00000000      1.00000000
      1.00000000      1.00000000      1.00000000      1.00000000      1.00000000
      1.00000000      1.00000000      1.00000000      1.00000000      1.00000000
      1.00000000      1.00000000      1.00000000      1.00000000      1.00000000
      1.00000000      1.00000000      1.00000000      1.00000000      1.00000000
      1.00000000      1.00000000      1.00000000      1.00000000      1.00000000
      1.00000000      0.00000000      0.00000000      0.00000000      0.00000000
      0.00000000      0.00000000      0.00000000      0.00000000      0.00000000
      0.00000000      0.00000000      0.00000000      0.00000000      0.00000000
      0.00000000      0.00000000      0.00000000      0.00000000      0.00000000
      0.00000000      0.00000000      0.00000000      0.00000000      0.00000000
      0.00000000      0.00000000      0.00000000      0.00000000      0.00000000
      0.00000000      0.00000000      0.00000000
