#
#   a_vector =        13.6627189232        0.0000000000        0.0000000000
#   b_vector =         0.0000000000       13.6627189232        0.0000000000
#   c_vector =         0.0000000000        0.0000000000       37.7945198430
#   ntyp =        3 natm =       38
# (natm->type)     1    1    1    1    1    1    1    1    1    1
# (natm->type)     1    1    1    1    1    1    1    1    1    1
# (natm->type)     1    1    1    1    1    1    1    1    1    1
# (natm->type)     1    1    2    2    3    3    3    3
# (speciesname)     1 :   Cu
# (speciesname)     2 :   C
# (speciesname)     3 :   H
#
 cps and forc at (iter_ion, iter_total =     1      46 )
    1    0.000000000    0.000000000    0.000000000   -0.000311    0.000001   -0.000651
    2    3.415679731    3.415679731    0.000000000   -0.000020    0.000127   -0.000212
    3    0.000000000    6.831359462    0.000000000   -0.000472   -0.000001   -0.000512
    4    3.415679731   10.247039192    0.000000000   -0.000016   -0.000128   -0.000211
    5    6.831359462    0.000000000    0.000000000    0.000313   -0.000003   -0.000625
    6   10.247039192    3.415679731    0.000000000    0.000009    0.000285   -0.000649
    7    6.831359462    6.831359462    0.000000000    0.000503    0.000003   -0.000521
    8   10.247039192   10.247039192    0.000000000    0.000005   -0.000285   -0.000650
    9    0.000000000    3.415679731    3.415868703   -0.000696    0.000646    0.001189
   10    3.415679731    0.000000000    3.415868703   -0.000044    0.000001    0.000710
   11    0.000000000   10.247039192    3.415868703   -0.000699   -0.000649    0.001188
   12    3.415679731    6.831359462    3.415868703   -0.000262   -0.000000    0.001646
   13    6.831359462    3.415679731    3.415868703    0.000554    0.000557    0.001031
   14   10.247039192    0.000000000    3.415868703   -0.000011   -0.000003    0.001853
   15    6.831359462   10.247039192    3.415868703    0.000555   -0.000558    0.001031
   16   10.247039192    6.831359462    3.415868703   -0.000099    0.000000    0.000529
   17    6.845978571    0.000000000    6.920932474   -0.000045    0.000002   -0.000028
   18   13.644410880   13.662582296    6.922822200   -0.000047    0.000001   -0.000137
   19    3.414586713    3.426746533    6.944365076   -0.000399   -0.000015    0.000060
   20    3.414450086   10.235972390    6.944365076   -0.000398    0.000011    0.000066
   21    6.862783715    6.831359462    6.994253842    0.000677    0.000003    0.000582
   22   13.599460535    6.831222834    7.005592198    0.000740    0.000012   -0.000718
   23   10.241027596    3.475249185    7.016174664   -0.000085   -0.000022    0.000017
   24   10.241027596   10.187333111    7.016174664   -0.000078    0.000021    0.000024
   25   10.257286232   13.662718923   10.352296930   -0.000229   -0.000004   -0.000740
   26    3.398737959    6.831496089   10.361367615    0.001093    0.000000   -0.000586
   27    6.784632963   10.309751072   10.374973642   -0.000331   -0.000326   -0.000934
   28    6.784632963    3.353241105   10.374973642   -0.000326    0.000324   -0.000924
   29    0.033200407    3.381522933   10.376107478   -0.000083   -0.000387   -0.000505
   30    0.032790525   10.281059363   10.376863368   -0.000084    0.000384   -0.000524
   31    3.396551924   13.662582296   10.388579669    0.000103    0.000004   -0.000560
   32   10.222173044    6.831496089   10.837578565    0.001186   -0.000004   -0.000389
   33   10.222173044    5.525066905   14.872143558   -0.001493   -0.000048   -0.000112
   34   10.229824167    8.134372965   14.873655339   -0.001317   -0.000065   -0.000171
   35    8.441784141    4.464430035   14.974188762    0.000220   -0.000086    0.000887
   36    8.456403250    9.205256875   14.976078488    0.000052    0.000183    0.000898
   37   11.958977873    4.441066786   15.182058621    0.000756   -0.000285   -0.000687
   38   11.973187101    9.207442910   15.184326292    0.000777    0.000302   -0.000674
 cps and forc at (iter_ion, iter_total =     2      59 )
    1    0.000000000    0.000000000    0.000000000   -0.000340    0.000002   -0.000476
    2    3.415679731    3.415679731    0.000000000   -0.000027    0.000147   -0.000047
    3    0.000000000    6.831359462    0.000000000   -0.000442   -0.000002   -0.000432
    4    3.415679731   10.247039192    0.000000000   -0.000022   -0.000147   -0.000045
    5    6.831359462    0.000000000    0.000000000    0.000338   -0.000002   -0.000463
    6   10.247039192    3.415679731    0.000000000    0.000012    0.000236   -0.000558
    7    6.831359462    6.831359462    0.000000000    0.000449    0.000003   -0.000428
    8   10.247039192   10.247039192    0.000000000    0.000007   -0.000236   -0.000561
    9   -0.002088368    3.417618943    3.419435987   -0.000565    0.000489    0.000906
   10    3.415548746    0.000001874    3.417997464   -0.000049   -0.000000    0.000536
   11   -0.002098077   10.245091528    3.419432649   -0.000565   -0.000492    0.000906
   12    3.414892273    6.831359239    3.420808001   -0.000167    0.000001    0.001300
   13    6.833020980    3.417349826    3.418960462    0.000416    0.000455    0.000823
   14   10.247007357   -0.000009046    3.421428540   -0.000018   -0.000001    0.001457
   15    6.833023270   10.245365875    3.418963013    0.000414   -0.000456    0.000825
   16   10.246742804    6.831359846    3.417454585   -0.000103   -0.000001    0.000398
   17    6.845842930    0.000004519    6.920847644   -0.000109    0.000001   -0.000009
   18   13.644268445   13.662585817    6.922410981   -0.000024    0.000001   -0.000088
   19    3.413389041    3.426702178    6.944544427   -0.000304   -0.000042    0.000059
   20    3.413255629   10.236005262    6.944562834   -0.000302    0.000040    0.000062
   21    6.864815621    6.831369737    6.995999920    0.000586    0.000003    0.000496
   22   13.601680538    6.831258786    7.003438902    0.000573    0.000008   -0.000465
   23   10.240772881    3.475182348    7.016225149   -0.000022    0.000027    0.000091
   24   10.240793685   10.187397526    7.016246827   -0.000018   -0.000027    0.000098
   25   10.256598067   13.662706554   10.350076549   -0.000252   -0.000003   -0.000643
   26    3.402017289    6.831496328   10.359611020    0.000848   -0.000001   -0.000509
   27    6.783638785   10.308772081   10.372172199   -0.000240   -0.000280   -0.000799
   28    6.783654816    3.354213083   10.372200659   -0.000236    0.000278   -0.000794
   29    0.032950767    3.380362785   10.374592266   -0.000037   -0.000312   -0.000450
   30    0.032537671   10.282211819   10.375291848   -0.000039    0.000309   -0.000466
   31    3.396859539   13.662593048   10.386900389    0.000107    0.000003   -0.000502
   32   10.225729560    6.831484700   10.836411726    0.001029   -0.000004   -0.000312
   33   10.217694711    5.524923328   14.871808916    0.001244   -0.000314    0.000075
   34   10.225874134    8.134176878   14.873143542    0.000969    0.000389    0.000046
   35    8.442445228    4.464173372   14.976848864   -0.000901   -0.000709    0.000908
   36    8.456560135    9.205805136   14.978772640   -0.000744    0.000630    0.000889
   37   11.961247041    4.440211533   15.179998270   -0.000770    0.000605   -0.000931
   38   11.975518704    9.208350366   15.182304879   -0.000706   -0.000597   -0.000916
 cps and forc at (iter_ion, iter_total =     3      71 )
    1    0.000000000    0.000000000    0.000000000   -0.000374    0.000002   -0.000272
    2    3.415679731    3.415679731    0.000000000   -0.000034    0.000171    0.000148
    3    0.000000000    6.831359462    0.000000000   -0.000408   -0.000003   -0.000338
    4    3.415679731   10.247039192    0.000000000   -0.000028   -0.000171    0.000149
    5    6.831359462    0.000000000    0.000000000    0.000367   -0.000003   -0.000273
    6   10.247039192    3.415679731    0.000000000    0.000015    0.000179   -0.000453
    7    6.831359462    6.831359462    0.000000000    0.000387    0.000003   -0.000318
    8   10.247039192   10.247039192    0.000000000    0.000009   -0.000179   -0.000456
    9   -0.004582784    3.419935203    3.423696869   -0.000409    0.000303    0.000573
   10    3.415392294    0.000004113    3.420540127   -0.000054   -0.000001    0.000333
   11   -0.004604089   10.242765173    3.423689545   -0.000408   -0.000304    0.000573
   12    3.413951708    6.831358973    3.426707663   -0.000051    0.000001    0.000889
   13    6.835005553    3.419344644    3.422653362    0.000250    0.000334    0.000580
   14   10.246969332   -0.000019851    3.428069394   -0.000028   -0.000001    0.000989
   15    6.835010578   10.243367210    3.422658959    0.000248   -0.000335    0.000582
   16   10.246388788    6.831360305    3.419348815   -0.000108   -0.000001    0.000247
   17    6.845680916    0.000009918    6.920746321   -0.000185    0.000001    0.000014
   18   13.644098316   13.662590022    6.921919807    0.000005    0.000002   -0.000032
   19    3.411958500    3.426649199    6.944758650   -0.000190   -0.000076    0.000055
   20    3.411828929   10.236044524    6.944799044   -0.000188    0.000077    0.000056
   21    6.867242597    6.831382010    6.998085493    0.000480    0.000001    0.000389
   22   13.604332183    6.831301727    7.000866935    0.000372    0.000004   -0.000163
   23   10.240468642    3.475102515    7.016285451    0.000053    0.000085    0.000179
   24   10.240514293   10.187474466    7.016333021    0.000054   -0.000085    0.000184
   25   10.255776100   13.662691780   10.347424452   -0.000278   -0.000002   -0.000527
   26    3.405934230    6.831496613   10.357512884    0.000556   -0.000002   -0.000415
   27    6.782451307   10.307602741   10.368826061   -0.000131   -0.000223   -0.000637
   28    6.782486485    3.355374046   10.368888515   -0.000129    0.000221   -0.000638
   29    0.032652588    3.378977064   10.372782447    0.000015   -0.000223   -0.000383
   30    0.032235654   10.283588352   10.373414772    0.000013    0.000220   -0.000395
   31    3.397226964   13.662605891   10.384894600    0.000112    0.000003   -0.000436
   32   10.229977582    6.831471097   10.835018015    0.000846   -0.000003   -0.000235
   33   10.212345640    5.524751835   14.871409209    0.004506   -0.000576    0.000284
   34   10.221156083    8.133942664   14.872532235    0.003683    0.000883    0.000293
   35    8.443234852    4.463866805   14.980026178   -0.002252   -0.001467    0.000938
   36    8.456747522    9.206459998   14.981990624   -0.001698    0.001172    0.000883
   37   11.963957410    4.439189990   15.177537319   -0.002570    0.001647   -0.001213
   38   11.978303648    9.209434262   15.179890436   -0.002454   -0.001653   -0.001197
 cps and forc at (iter_ion, iter_total =     4      81 )
    1    0.000000000    0.000000000    0.000000000   -0.000382    0.000002   -0.000235
    2    3.415679731    3.415679731    0.000000000   -0.000036    0.000177    0.000186
    3    0.000000000    6.831359462    0.000000000   -0.000400   -0.000002   -0.000319
    4    3.415679731   10.247039192    0.000000000   -0.000031   -0.000177    0.000187
    5    6.831359462    0.000000000    0.000000000    0.000374   -0.000002   -0.000232
    6   10.247039192    3.415679731    0.000000000    0.000014    0.000169   -0.000433
    7    6.831359462    6.831359462    0.000000000    0.000377    0.000003   -0.000299
    8   10.247039192   10.247039192    0.000000000    0.000010   -0.000169   -0.000435
    9   -0.004991559    3.420238188    3.424269988   -0.000385    0.000282    0.000527
   10    3.415338031    0.000003262    3.420872871   -0.000053   -0.000001    0.000298
   11   -0.005011865   10.242461239    3.424262291   -0.000384   -0.000283    0.000527
   12    3.413900857    6.831359767    3.427596563   -0.000042    0.000001    0.000830
   13    6.835255467    3.419679040    3.423233264    0.000229    0.000313    0.000542
   14   10.246941649   -0.000020368    3.429058302   -0.000031   -0.000001    0.000925
   15    6.835259005   10.243031920    3.423240888    0.000228   -0.000313    0.000544
   16   10.246281282    6.831358981    3.419596282   -0.000101   -0.000001    0.000228
   17    6.845496274    0.000010693    6.920760216   -0.000183    0.000001    0.000009
   18   13.644103304   13.662591670    6.921887620    0.000005    0.000002   -0.000034
   19    3.411768393    3.426572756    6.944813564   -0.000178   -0.000073    0.000050
   20    3.411641230   10.236121453    6.944855422   -0.000176    0.000074    0.000052
   21    6.867722340    6.831383210    6.998474171    0.000462    0.000001    0.000373
   22   13.604703742    6.831305452    7.000704311    0.000355    0.000003   -0.000145
   23   10.240521358    3.475187728    7.016464369    0.000059    0.000087    0.000180
   24   10.240568717   10.187389334    7.016516863    0.000060   -0.000087    0.000184
   25   10.255497873   13.662689663   10.346897779   -0.000274   -0.000002   -0.000503
   26    3.406490526    6.831494781   10.357097820    0.000522   -0.000002   -0.000400
   27    6.782320226   10.307380203   10.368189119   -0.000113   -0.000224   -0.000591
   28    6.782357974    3.355594909   10.368250880   -0.000110    0.000222   -0.000587
   29    0.032667491    3.378754210   10.372399436    0.000023   -0.000217   -0.000373
   30    0.032248457   10.283808432   10.373019946    0.000022    0.000215   -0.000383
   31    3.397339215   13.662608632   10.384458540    0.000115    0.000003   -0.000416
   32   10.230823783    6.831467753   10.834782560    0.000832   -0.000003   -0.000167
   33   10.216852028    5.524175426   14.871692888    0.000832    0.000185    0.000018
   34   10.224839060    8.134825423   14.872825681    0.000719   -0.000036    0.000031
   35    8.440982956    4.462399870   14.980964438   -0.000537   -0.000483    0.000821
   36    8.455049640    9.207632075   14.982873307   -0.000393    0.000392    0.000800
   37   11.961387799    4.440837332   15.176324490   -0.000688    0.000517   -0.000870
   38   11.975850137    9.207780907   15.178693296   -0.000740   -0.000571   -0.000883
 cps and forc at (iter_ion, iter_total =     5      90 )
    1    0.000000000    0.000000000    0.000000000   -0.000392    0.000001   -0.000192
    2    3.415679731    3.415679731    0.000000000   -0.000038    0.000183    0.000230
    3    0.000000000    6.831359462    0.000000000   -0.000389   -0.000002   -0.000295
    4    3.415679731   10.247039192    0.000000000   -0.000034   -0.000183    0.000232
    5    6.831359462    0.000000000    0.000000000    0.000381   -0.000002   -0.000186
    6   10.247039192    3.415679731    0.000000000    0.000013    0.000154   -0.000409
    7    6.831359462    6.831359462    0.000000000    0.000362    0.000003   -0.000276
    8   10.247039192   10.247039192    0.000000000    0.000008   -0.000154   -0.000411
    9   -0.005630199    3.420707003    3.425147306   -0.000346    0.000249    0.000460
   10    3.415251070    0.000001905    3.421370337   -0.000051   -0.000001    0.000252
   11   -0.005649205   10.241990996    3.425138786   -0.000345   -0.000250    0.000460
   12    3.413829825    6.831360817    3.428975821   -0.000031    0.000000    0.000740
   13    6.835636969    3.420198141    3.424134036    0.000199    0.000278    0.000486
   14   10.246890303   -0.000021347    3.430593936   -0.000037   -0.000001    0.000824
   15    6.835638353   10.242511655    3.424145053    0.000198   -0.000279    0.000488
   16   10.246114196    6.831357020    3.419974836   -0.000091   -0.000001    0.000199
   17    6.845194661    0.000011922    6.920775403   -0.000176    0.000001    0.000001
   18   13.644110892   13.662594435    6.921831195    0.000004    0.000002   -0.000034
   19    3.411472761    3.426451185    6.944897367   -0.000156   -0.000069    0.000038
   20    3.411348741   10.236243988    6.944941187   -0.000155    0.000069    0.000039
   21    6.868488012    6.831385090    6.999092323    0.000429    0.000001    0.000342
   22   13.605291825    6.831310962    7.000462143    0.000320    0.000003   -0.000111
   23   10.240618411    3.475331185    7.016761565    0.000067    0.000088    0.000178
   24   10.240667232   10.187246530    7.016820744    0.000068   -0.000087    0.000181
   25   10.255044791   13.662686328   10.346063417   -0.000267   -0.000002   -0.000466
   26    3.407356625    6.831491773   10.356435195    0.000462   -0.000002   -0.000370
   27    6.782131596   10.307011053   10.367206836   -0.000089   -0.000216   -0.000535
   28    6.782173615    3.355960887   10.367274079   -0.000086    0.000214   -0.000529
   29    0.032704189    3.378395462   10.371781787    0.000035   -0.000205   -0.000347
   30    0.032283826   10.284164745   10.372386086    0.000035    0.000205   -0.000356
   31    3.397528440   13.662612915   10.383769383    0.000117    0.000002   -0.000386
   32   10.232199392    6.831462440   10.834496634    0.000790   -0.000003   -0.000143
   33   10.218767071    5.524368175   14.871762210   -0.000969    0.000163   -0.000083
   34   10.226462356    8.134902085   14.872916222   -0.000832   -0.000145   -0.000083
   35    8.439843870    4.461457808   14.982337300    0.000327    0.000041    0.000741
   36    8.454208905    9.208394626   14.984205346    0.000278   -0.000023    0.000736
   37   11.959974757    4.441857078   15.174838503    0.000229   -0.000022   -0.000703
   38   11.974376179    9.206678826   15.177189531    0.000169   -0.000011   -0.000716
 cps and forc at (iter_ion, iter_total =     6      99 )
    1    0.000000000    0.000000000    0.000000000   -0.000409    0.000001   -0.000116
    2    3.415679731    3.415679731    0.000000000   -0.000041    0.000195    0.000308
    3    0.000000000    6.831359462    0.000000000   -0.000372   -0.000002   -0.000253
    4    3.415679731   10.247039192    0.000000000   -0.000037   -0.000195    0.000309
    5    6.831359462    0.000000000    0.000000000    0.000394   -0.000002   -0.000104
    6   10.247039192    3.415679731    0.000000000    0.000009    0.000129   -0.000366
    7    6.831359462    6.831359462    0.000000000    0.000336    0.000003   -0.000236
    8   10.247039192   10.247039192    0.000000000    0.000005   -0.000130   -0.000369
    9   -0.006765646    3.421532642    3.426684406   -0.000276    0.000191    0.000345
   10    3.415090329   -0.000000602    3.422228420   -0.000049   -0.000001    0.000174
   11   -0.006782526   10.241162954    3.426674283   -0.000276   -0.000191    0.000344
   12    3.413715643    6.831362562    3.431418770   -0.000012    0.000000    0.000584
   13    6.836303334    3.421116862    3.425733886    0.000147    0.000219    0.000389
   14   10.246783681   -0.000023232    3.433313975   -0.000047   -0.000001    0.000651
   15    6.836301107   10.241590985    3.425751012    0.000146   -0.000219    0.000391
   16   10.245815297    6.831353706    3.420639164   -0.000076   -0.000001    0.000152
   17    6.844637311    0.000014228    6.920790982   -0.000164    0.000001   -0.000013
   18   13.644123959   13.662599404    6.921726573    0.000003    0.000001   -0.000032
   19    3.410953157    3.426230479    6.945033737   -0.000116   -0.000060    0.000015
   20    3.410834361   10.236466725    6.945080894   -0.000115    0.000061    0.000015
   21    6.869872214    6.831388257    7.000203489    0.000365    0.000001    0.000282
   22   13.606338451    6.831320510    7.000064755    0.000254    0.000002   -0.000050
   23   10.240814870    3.475603186    7.017317415    0.000080    0.000090    0.000171
   24   10.240865643   10.186976340    7.017387248    0.000080   -0.000088    0.000172
   25   10.254204010   13.662680429   10.344556486   -0.000254   -0.000001   -0.000401
   26    3.408884482    6.831486339   10.355239917    0.000354   -0.000002   -0.000317
   27    6.781816695   10.306330463   10.365453441   -0.000048   -0.000198   -0.000438
   28    6.781867187    3.356635713   10.365533290   -0.000045    0.000196   -0.000432
   29    0.032794041    3.377739578   10.370663500    0.000057   -0.000186   -0.000299
   30    0.032372951   10.284817309   10.371238543    0.000059    0.000186   -0.000307
   31    3.397888381   13.662620545   10.382521810    0.000122    0.000002   -0.000334
   32   10.234716598    6.831453140   10.833995914    0.000699   -0.000002   -0.000099
   33   10.219445724    5.524646503   14.871732068   -0.002097    0.000087   -0.000148
   34   10.226987145    8.134911016   14.872902844   -0.001831   -0.000208   -0.000168
   35    8.439106372    4.460540150   14.984788013    0.000834    0.000374    0.000664
   36    8.453720110    9.209151078   14.986606610    0.000640   -0.000266    0.000673
   37   11.958804489    4.442903816   15.172311982    0.000854   -0.000388   -0.000578
   38   11.973087461    9.205517626   15.174631610    0.000836    0.000402   -0.000582
 cps and forc at (iter_ion, iter_total =     7     111 )
    1    0.000000000    0.000000000    0.000000000   -0.000454    0.000001    0.000079
    2    3.415679731    3.415679731    0.000000000   -0.000048    0.000226    0.000508
    3    0.000000000    6.831359462    0.000000000   -0.000327   -0.000002   -0.000145
    4    3.415679731   10.247039192    0.000000000   -0.000043   -0.000226    0.000509
    5    6.831359462    0.000000000    0.000000000    0.000427   -0.000003    0.000105
    6   10.247039192    3.415679731    0.000000000   -0.000002    0.000065   -0.000258
    7    6.831359462    6.831359462    0.000000000    0.000268    0.000003   -0.000132
    8   10.247039192   10.247039192    0.000000000   -0.000006   -0.000066   -0.000260
    9   -0.009715976    3.423657901    3.430622605   -0.000096    0.000041    0.000047
   10    3.414652250   -0.000007148    3.424391753   -0.000044   -0.000000   -0.000028
   11   -0.009727749   10.239031769    3.430608331   -0.000096   -0.000040    0.000047
   12    3.413450062    6.831366828    3.437747642    0.000035   -0.000000    0.000176
   13    6.838005975    3.423495630    3.429893111    0.000016    0.000065    0.000136
   14   10.246463910   -0.000028476    3.440362625   -0.000071   -0.000001    0.000201
   15    6.837995021   10.239207252    3.429926173    0.000016   -0.000066    0.000137
   16   10.245032264    6.831345525    3.422347457   -0.000033    0.000000    0.000029
   17    6.843132730    0.000020601    6.920796059   -0.000127    0.000001   -0.000052
   18   13.644157995   13.662612752    6.921441669    0.000002    0.000001   -0.000028
   19    3.409625746    3.425643971    6.945349718   -0.000010   -0.000037   -0.000044
   20    3.409520276   10.237059353    6.945405050   -0.000010    0.000039   -0.000045
   21    6.873523528    6.831395931    7.003109388    0.000193   -0.000001    0.000115
   22   13.609052561    6.831344445    6.999127329    0.000078   -0.000001    0.000106
   23   10.241388885    3.476356434    7.018831320    0.000109    0.000089    0.000146
   24   10.241443558   10.186228975    7.018926372    0.000107   -0.000088    0.000144
   25   10.251918386   13.662665150   10.340570265   -0.000217   -0.000000   -0.000228
   26    3.412816917    6.831471664   10.352081451    0.000070   -0.000001   -0.000176
   27    6.781053460   10.304500396   10.360869602    0.000054   -0.000145   -0.000187
   28    6.781127977    3.358450802   10.360986185    0.000057    0.000144   -0.000181
   29    0.033099804    3.375982434   10.367706014    0.000115   -0.000134   -0.000164
   30    0.032679489   10.286567078   10.368203536    0.000118    0.000136   -0.000169
   31    3.398892709   13.662640668   10.379218509    0.000134    0.000001   -0.000192
   32   10.241418728    6.831429275   10.832729686    0.000442   -0.000001    0.000008
   33   10.218514017    5.525192999   14.871489050   -0.003028   -0.000084   -0.000207
   34   10.225941190    8.134799403   14.872652584   -0.002666   -0.000246   -0.000259
   35    8.438327997    4.458841804   14.991350627    0.001175    0.000667    0.000529
   36    8.453264868    9.210634410   14.993066984    0.000810   -0.000439    0.000555
   37   11.957136351    4.444877161   15.165657383    0.001484   -0.000760   -0.000424
   38   11.971207797    9.203351991   15.167915002    0.001564    0.000861   -0.000409
 cps and forc at (iter_ion, iter_total =     8     123 )
    1    0.000000000    0.000000000    0.000000000   -0.000498    0.000001    0.000261
    2    3.415679731    3.415679731    0.000000000   -0.000053    0.000256    0.000693
    3    0.000000000    6.831359462    0.000000000   -0.000285   -0.000002   -0.000043
    4    3.415679731   10.247039192    0.000000000   -0.000048   -0.000257    0.000694
    5    6.831359462    0.000000000    0.000000000    0.000458   -0.000003    0.000299
    6   10.247039192    3.415679731    0.000000000   -0.000014    0.000005   -0.000155
    7    6.831359462    6.831359462    0.000000000    0.000205    0.000003   -0.000035
    8   10.247039192   10.247039192    0.000000000   -0.000019   -0.000005   -0.000157
    9   -0.012510765    3.425634319    3.434248101    0.000074   -0.000097   -0.000227
   10    3.414196846   -0.000013286    3.426312521   -0.000039    0.000000   -0.000214
   11   -0.012518340   10.237050313    3.434229904    0.000073    0.000098   -0.000227
   12    3.413255635    6.831370421    3.443704483    0.000075   -0.000001   -0.000206
   13    6.839568137    3.425734354    3.433835691   -0.000102   -0.000077   -0.000102
   14   10.246080916   -0.000033990    3.447004669   -0.000090   -0.000001   -0.000219
   15    6.839550104   10.236963878    3.433883946   -0.000101    0.000077   -0.000103
   16   10.244279876    6.831338514    3.423931535    0.000008    0.000001   -0.000084
   17    6.841606037    0.000027604    6.920730866   -0.000082    0.000001   -0.000089
   18   13.644191691   13.662626283    6.921146807    0.000000    0.000001   -0.000028
   19    3.408414057    3.425064257    6.945575796    0.000091   -0.000012   -0.000100
   20    3.408320920   10.237646420    6.945637977    0.000091    0.000014   -0.000101
   21    6.877078171    6.831401883    7.005883674    0.000023   -0.000002   -0.000053
   22   13.611607594    6.831365330    6.998421528   -0.000088   -0.000003    0.000244
   23   10.242051020    3.477155104    7.020391499    0.000130    0.000083    0.000113
   24   10.242107593   10.185437581    7.020506646    0.000127   -0.000082    0.000108
   25   10.249563546   13.662650976   10.336663452   -0.000175    0.000001   -0.000060
   26    3.416463411    6.831456441   10.348992097   -0.000197   -0.000001   -0.000041
   27    6.780433662   10.302657323   10.356472970    0.000147   -0.000090    0.000051
   28    6.780534091    3.360279529   10.356628949    0.000150    0.000090    0.000054
   29    0.033529441    3.374214482   10.364818355    0.000166   -0.000087   -0.000026
   30    0.033113599   10.288329249   10.365239433    0.000170    0.000088   -0.000027
   31    3.399980127   13.662660470   10.375977814    0.000148    0.000000   -0.000054
   32   10.248054103    6.831406578   10.831586131    0.000181    0.000000    0.000111
   33   10.215349140    5.525477820   14.871095628   -0.002277   -0.000241   -0.000180
   34   10.222900553    8.134565388   14.872190476   -0.002012   -0.000108   -0.000235
   35    8.438358361    4.457711476   14.998042480    0.000741    0.000489    0.000453
   36    8.453274574    9.211781044   14.999687229    0.000409   -0.000269    0.000478
   37   11.956756761    4.446149363   15.158928466    0.001239   -0.000628   -0.000411
   38   11.970776910    9.202037610   15.161153549    0.001366    0.000755   -0.000391
 cps and forc at (iter_ion, iter_total =     9     132 )
    1    0.000000000    0.000000000    0.000000000   -0.000523    0.000001    0.000342
    2    3.415679731    3.415679731    0.000000000   -0.000053    0.000273    0.000777
    3    0.000000000    6.831359462    0.000000000   -0.000266   -0.000003    0.000004
    4    3.415679731   10.247039192    0.000000000   -0.000048   -0.000273    0.000778
    5    6.831359462    0.000000000    0.000000000    0.000475   -0.000003    0.000387
    6   10.247039192    3.415679731    0.000000000   -0.000023   -0.000023   -0.000108
    7    6.831359462    6.831359462    0.000000000    0.000176    0.000003    0.000009
    8   10.247039192   10.247039192    0.000000000   -0.000028    0.000022   -0.000109
    9   -0.013852724    3.426526417    3.435822166    0.000153   -0.000156   -0.000343
   10    3.413911455   -0.000016016    3.427025202   -0.000036    0.000001   -0.000292
   11   -0.013859229   10.236156632    3.435802318    0.000152    0.000157   -0.000342
   12    3.413250551    6.831371541    3.446502658    0.000084   -0.000001   -0.000380
   13    6.840241788    3.426786762    3.435731616   -0.000149   -0.000142   -0.000213
   14   10.245769068   -0.000037432    3.450139844   -0.000092   -0.000000   -0.000408
   15    6.840222118   10.235909175    3.435787300   -0.000147    0.000142   -0.000214
   16   10.243904067    6.831336241    3.424639513    0.000031    0.000001   -0.000129
   17    6.840719093    0.000032623    6.920581111   -0.000046    0.000001   -0.000108
   18   13.644209584   13.662634376    6.920957738   -0.000000    0.000001   -0.000034
   19    3.407909724    3.424751322    6.945562342    0.000138    0.000004   -0.000126
   20    3.407822236   10.237965371    6.945626416    0.000137   -0.000002   -0.000127
   21    6.878932133    6.831402547    7.007236580   -0.000068   -0.000002   -0.000143
   22   13.612806953    6.831372521    6.998371144   -0.000163   -0.000004    0.000286
   23   10.242556618    3.477671532    7.021335162    0.000130    0.000072    0.000079
   24   10.242611508   10.184926558    7.021454886    0.000127   -0.000071    0.000074
   25   10.248128361   13.662644414   10.334578400   -0.000142    0.000001    0.000024
   26    3.418083769    6.831446843   10.347350830   -0.000317   -0.000001    0.000024
   27    6.780303233   10.301596150   10.354276401    0.000184   -0.000061    0.000165
   28    6.780420198    3.361333245   10.354455970    0.000186    0.000061    0.000166
   29    0.033964744    3.373192392   10.363304901    0.000187   -0.000067    0.000046
   30    0.033555823   10.289349708   10.363684966    0.000190    0.000068    0.000047
   31    3.400732482   13.662671248   10.374243096    0.000158    0.000000    0.000014
   32   10.251690916    6.831395055   10.831138430    0.000035    0.000000    0.000169
   33   10.212012515    5.525273028   14.870729578   -0.000726   -0.000198   -0.000121
   34   10.219804045    8.134441569   14.871730397   -0.000653    0.000018   -0.000147
   35    8.438740537    4.457415457   15.002111186   -0.000010    0.000071    0.000455
   36    8.453351751    9.212293490   15.003739719   -0.000149    0.000033    0.000462
   37   11.957542002    4.446355092   15.154828520    0.000496   -0.000219   -0.000493
   38   11.971699494    9.201956033   15.157061810    0.000585    0.000296   -0.000482
 cps and forc at (iter_ion, iter_total =    10     139 )
    1    0.000000000    0.000000000    0.000000000   -0.000530    0.000002    0.000343
    2    3.415679731    3.415679731    0.000000000   -0.000051    0.000278    0.000779
    3    0.000000000    6.831359462    0.000000000   -0.000263   -0.000003    0.000007
    4    3.415679731   10.247039192    0.000000000   -0.000046   -0.000278    0.000780
    5    6.831359462    0.000000000    0.000000000    0.000477   -0.000003    0.000391
    6   10.247039192    3.415679731    0.000000000   -0.000027   -0.000026   -0.000105
    7    6.831359462    6.831359462    0.000000000    0.000174    0.000003    0.000011
    8   10.247039192   10.247039192    0.000000000   -0.000032    0.000026   -0.000107
    9   -0.013967862    3.426526604    3.435727262    0.000158   -0.000152   -0.000339
   10    3.413790673   -0.000015865    3.426789950   -0.000033    0.000001   -0.000290
   11   -0.013975484   10.236157416    3.435707761    0.000157    0.000153   -0.000338
   12    3.413367806    6.831370922    3.446655878    0.000073   -0.000000   -0.000391
   13    6.840198206    3.426846237    3.435897698   -0.000141   -0.000144   -0.000226
   14   10.245563379   -0.000038731    3.450336147   -0.000082   -0.000000   -0.000418
   15    6.840180694   10.235849285    3.435954227   -0.000139    0.000144   -0.000227
   16   10.243855408    6.831337475    3.424631544    0.000037    0.000001   -0.000128
   17    6.840436438    0.000035542    6.920391944   -0.000022    0.000001   -0.000108
   18   13.644213565   13.662637463    6.920863469   -0.000001    0.000001   -0.000040
   19    3.407979852    3.424680214    6.945381850    0.000140    0.000012   -0.000125
   20    3.407892579   10.238040443    6.945444143    0.000139   -0.000011   -0.000127
   21    6.879292039    6.831399442    7.007366680   -0.000090   -0.000002   -0.000160
   22   13.612872063    6.831369139    6.998760644   -0.000163   -0.000003    0.000259
   23   10.242863342    3.477899530    7.021678351    0.000116    0.000058    0.000056
   24   10.242914630   10.184701053    7.021792218    0.000114   -0.000057    0.000052
   25   10.247575328   13.662644073   10.334099021   -0.000121    0.000001    0.000043
   26    3.418035797    6.831442554   10.346980881   -0.000319   -0.000001    0.000038
   27    6.780530589   10.301249080   10.353968898    0.000180   -0.000057    0.000184
   28    6.780654010    3.361678490   10.354155434    0.000181    0.000057    0.000183
   29    0.034335312    3.372846345   10.362998145    0.000183   -0.000070    0.000068
   30    0.033932638   10.289696501   10.363369126    0.000185    0.000070    0.000069
   31    3.401139733   13.662674105   10.373835678    0.000164    0.000000    0.000030
   32   10.252632801    6.831392811   10.831265134   -0.000005    0.000000    0.000184
   33   10.210307725    5.524940311   14.870476836    0.000212   -0.000100   -0.000083
   34   10.218241274    8.134449780   14.871419230    0.000169    0.000085   -0.000080
   35    8.438754096    4.457403117   15.003757167   -0.000399   -0.000170    0.000473
   36    8.453109088    9.212496069   15.005389524   -0.000384    0.000172    0.000464
   37   11.958364761    4.446138059   15.153115028   -0.000017    0.000056   -0.000555
   38   11.972682021    9.202310334   15.155364956    0.000009   -0.000041   -0.000558
 cps and forc at (iter_ion, iter_total =    11     147 )
    1    0.000000000    0.000000000    0.000000000   -0.000537    0.000002    0.000315
    2    3.415679731    3.415679731    0.000000000   -0.000047    0.000281    0.000753
    3    0.000000000    6.831359462    0.000000000   -0.000266   -0.000003   -0.000006
    4    3.415679731   10.247039192    0.000000000   -0.000042   -0.000281    0.000754
    5    6.831359462    0.000000000    0.000000000    0.000478   -0.000003    0.000365
    6   10.247039192    3.415679731    0.000000000   -0.000034   -0.000022   -0.000116
    7    6.831359462    6.831359462    0.000000000    0.000180    0.000003    0.000000
    8   10.247039192   10.247039192    0.000000000   -0.000039    0.000021   -0.000118
    9   -0.013756633    3.426229769    3.434989437    0.000141   -0.000124   -0.000284
   10    3.413627383   -0.000014520    3.426033287   -0.000027    0.000001   -0.000250
   11   -0.013766729   10.236456729    3.434971472    0.000140    0.000124   -0.000283
   12    3.413607818    6.831369417    3.446024065    0.000045   -0.000000   -0.000347
   13    6.839886431    3.426615556    3.435597233   -0.000108   -0.000125   -0.000208
   14   10.245232723   -0.000040078    3.449686009   -0.000061    0.000000   -0.000367
   15    6.839873731   10.236079797    3.435653060   -0.000107    0.000125   -0.000208
   16   10.243886257    6.831340686    3.424374983    0.000042    0.000001   -0.000104
   17    6.840155632    0.000040173    6.920028527    0.000013    0.000001   -0.000104
   18   13.644214615   13.662641342    6.920711248   -0.000000    0.000001   -0.000054
   19    3.408308557    3.424643367    6.944991390    0.000127    0.000022   -0.000118
   20    3.408219891   10.238083495    6.945049414    0.000127   -0.000021   -0.000119
   21    6.879417917    6.831392578    7.007167969   -0.000101   -0.000002   -0.000167
   22   13.612608822    6.831359714    6.999588946   -0.000137   -0.000003    0.000183
   23   10.243343649    3.478201655    7.022074378    0.000088    0.000035    0.000014
   24   10.243388162   10.184401723    7.022175395    0.000087   -0.000035    0.000012
   25   10.246882283   13.662645162   10.333785382   -0.000087    0.000000    0.000045
   26    3.417378863    6.831436553   10.346749252   -0.000278   -0.000001    0.000037
   27    6.781067562   10.300851774   10.354070964    0.000156   -0.000061    0.000176
   28    6.781198415    3.362074064   10.354262980    0.000156    0.000060    0.000174
   29    0.034994962    3.372428784   10.362873542    0.000168   -0.000081    0.000077
   30    0.034602211   10.290115383   10.363239354    0.000169    0.000081    0.000078
   31    3.401789252   13.662676530   10.373556958    0.000172    0.000000    0.000029
   32   10.253406758    6.831391427   10.831721843   -0.000032   -0.000000    0.000188
   33   10.208722974    5.524446161   14.870081523    0.000946    0.000047   -0.000047
   34   10.216763174    8.134574313   14.870969678    0.000817    0.000126   -0.000011
   35    8.438267158    4.457228687   15.006004492   -0.000624   -0.000330    0.000480
   36    8.452361605    9.212878962   15.007629917   -0.000455    0.000223    0.000455
   37   11.959316018    4.445894831   15.150681442   -0.000500    0.000300   -0.000602
   38   11.973836045    9.202720480   15.152944405   -0.000562   -0.000362   -0.000622
 cps and forc at (iter_ion, iter_total =    12     156 )
    1    0.000000000    0.000000000    0.000000000   -0.000554    0.000002    0.000257
    2    3.415679731    3.415679731    0.000000000   -0.000038    0.000290    0.000700
    3    0.000000000    6.831359462    0.000000000   -0.000270   -0.000003   -0.000030
    4    3.415679731   10.247039192    0.000000000   -0.000032   -0.000290    0.000702
    5    6.831359462    0.000000000    0.000000000    0.000479   -0.000003    0.000317
    6   10.247039192    3.415679731    0.000000000   -0.000049   -0.000014   -0.000138
    7    6.831359462    6.831359462    0.000000000    0.000192    0.000003   -0.000021
    8   10.247039192   10.247039192    0.000000000   -0.000054    0.000013   -0.000141
    9   -0.013398895    3.425657980    3.433478944    0.000109   -0.000066   -0.000174
   10    3.413227095   -0.000011547    3.424373357   -0.000012    0.000001   -0.000168
   11   -0.013413925   10.237033717    3.433464838    0.000109    0.000066   -0.000173
   12    3.414115798    6.831366550    3.444839342   -0.000014    0.000000   -0.000266
   13    6.839271916    3.426191513    3.435072676   -0.000040   -0.000089   -0.000179
   14   10.244466748   -0.000042855    3.448502619   -0.000013    0.000001   -0.000270
   15    6.839269089   10.236503138    3.435127713   -0.000040    0.000089   -0.000179
   16   10.243941557    6.831347268    3.423874482    0.000053   -0.000000   -0.000058
   17    6.839494649    0.000051451    6.919155810    0.000090    0.000001   -0.000093
   18   13.644220855   13.662651135    6.920298275    0.000004    0.000000   -0.000083
   19    3.409024445    3.424553482    6.944073004    0.000102    0.000043   -0.000102
   20    3.408933326   10.238187357    6.944121533    0.000102   -0.000043   -0.000103
   21    6.879841655    6.831377128    7.006785003   -0.000130   -0.000001   -0.000185
   22   13.612136606    6.831339475    7.001387608   -0.000084   -0.000001    0.000021
   23   10.244468073    3.478912131    7.022999171    0.000026   -0.000016   -0.000078
   24   10.244497740   10.183696567    7.023073777    0.000026    0.000015   -0.000077
   25   10.245190314   13.662646330   10.332874429   -0.000006   -0.000001    0.000061
   26    3.416032916    6.831421600   10.346061331   -0.000195   -0.000001    0.000043
   27    6.782285146   10.299807872   10.354120367    0.000104   -0.000065    0.000168
   28    6.782432996    3.363112533   10.354324678    0.000103    0.000064    0.000165
   29    0.036571816    3.371320724   10.362474336    0.000133   -0.000105    0.000098
   30    0.036200006   10.291224728   10.362825327    0.000132    0.000103    0.000100
   31    3.403422606   13.662683333   10.372749796    0.000190    0.000000    0.000036
   32   10.255485426    6.831386241   10.832789690   -0.000101   -0.000000    0.000191
   33   10.206313827    5.523608218   14.869185087    0.001560    0.000292   -0.000003
   34   10.214441574    8.134944029   14.870013819    0.001369    0.000118    0.000072
   35    8.436638494    4.456433438   15.011720923   -0.000648   -0.000384    0.000446
   36    8.450442951    9.213938352   15.013291497   -0.000304    0.000149    0.000403
   37   11.960556289    4.445879309   15.144427676   -0.001058    0.000548   -0.000619
   38   11.975360727    9.202960161   15.146681166   -0.001246   -0.000716   -0.000662
 cps and forc at (iter_ion, iter_total =    13     165 )
    1    0.000000000    0.000000000    0.000000000   -0.000582    0.000002    0.000177
    2    3.415679731    3.415679731    0.000000000   -0.000024    0.000305    0.000625
    3    0.000000000    6.831359462    0.000000000   -0.000277   -0.000003   -0.000065
    4    3.415679731   10.247039192    0.000000000   -0.000019   -0.000305    0.000628
    5    6.831359462    0.000000000    0.000000000    0.000482   -0.000003    0.000246
    6   10.247039192    3.415679731    0.000000000   -0.000070   -0.000002   -0.000170
    7    6.831359462    6.831359462    0.000000000    0.000211    0.000003   -0.000052
    8   10.247039192   10.247039192    0.000000000   -0.000075    0.000001   -0.000173
    9   -0.012896676    3.424867919    3.431299435    0.000061    0.000015   -0.000015
   10    3.412618922   -0.000006900    3.421894035    0.000012    0.000000   -0.000043
   11   -0.012918061   10.237831077    3.431291929    0.000062   -0.000016   -0.000014
   12    3.414803612    6.831362989    3.443121411   -0.000094    0.000001   -0.000149
   13    6.838435228    3.425592917    3.434297859    0.000057   -0.000035   -0.000136
   14   10.243344342   -0.000045944    3.446819365    0.000061    0.000002   -0.000132
   15    6.838445443   10.237100607    3.434352154    0.000055    0.000035   -0.000136
   16   10.244053904    6.831356052    3.423173747    0.000070   -0.000001    0.000009
   17    6.838602520    0.000068789    6.917783159    0.000200   -0.000000   -0.000070
   18   13.644240048   13.662666212    6.919575382    0.000013   -0.000000   -0.000118
   19    3.410115171    3.424453961    6.942638351    0.000064    0.000069   -0.000075
   20    3.410020755   10.238306530    6.942672578    0.000064   -0.000072   -0.000075
   21    6.880459426    6.831354358    7.006136411   -0.000166    0.000001   -0.000204
   22   13.611496920    6.831310598    7.003918599   -0.000011    0.000001   -0.000200
   23   10.246134931    3.479939935    7.024283068   -0.000060   -0.000086   -0.000203
   24   10.246143560   10.182674619    7.024321916   -0.000058    0.000084   -0.000199
   25   10.242653855   13.662646415   10.331447522    0.000112   -0.000002    0.000084
   26    3.414059214    6.831398602   10.344971231   -0.000078    0.000000    0.000054
   27    6.784122420   10.298127830   10.354180516    0.000031   -0.000069    0.000157
   28    6.784294574    3.364783085   10.354401982    0.000029    0.000068    0.000155
   29    0.039021519    3.369496937   10.361879484    0.000080   -0.000135    0.000120
   30    0.038678331   10.293048200   10.362207922    0.000077    0.000133    0.000122
   31    3.406074695   13.662694331   10.371469520    0.000213   -0.000000    0.000046
   32   10.258666980    6.831377338   10.834507014   -0.000199   -0.000000    0.000171
   33   10.203833705    5.522817207   14.867843378    0.001514    0.000482    0.000032
   34   10.211964153    8.135516156   14.868665645    0.001344    0.000037    0.000120
   35    8.433953071    4.455022912   15.020802545   -0.000272   -0.000198    0.000348
   36    8.447681672    9.215483689   15.022244690    0.000126   -0.000088    0.000300
   37   11.961317479    4.446402021   15.134378825   -0.001351    0.000627   -0.000557
   38   11.976292559    9.202560076   15.136565145   -0.001615   -0.000851   -0.000611
 cps and forc at (iter_ion, iter_total =    14     174 )
    1    0.000000000    0.000000000    0.000000000   -0.000606    0.000002    0.000098
    2    3.415679731    3.415679731    0.000000000   -0.000012    0.000317    0.000551
    3    0.000000000    6.831359462    0.000000000   -0.000286   -0.000002   -0.000104
    4    3.415679731   10.247039192    0.000000000   -0.000006   -0.000317    0.000554
    5    6.831359462    0.000000000    0.000000000    0.000483   -0.000003    0.000176
    6   10.247039192    3.415679731    0.000000000   -0.000087    0.000011   -0.000203
    7    6.831359462    6.831359462    0.000000000    0.000229    0.000003   -0.000083
    8   10.247039192   10.247039192    0.000000000   -0.000092   -0.000011   -0.000206
    9   -0.012400230    3.424182281    3.429295946    0.000017    0.000085    0.000126
   10    3.412052215   -0.000002291    3.419537383    0.000038    0.000000    0.000076
   11   -0.012425950   10.238523026    3.429296043    0.000019   -0.000086    0.000127
   12    3.415327355    6.831360795    3.441424791   -0.000156    0.000001   -0.000041
   13    6.837751842    3.425028914    3.433467104    0.000139    0.000016   -0.000096
   14   10.242359591   -0.000046956    3.445190844    0.000130    0.000002   -0.000009
   15    6.837771493   10.237663805    3.433521030    0.000136   -0.000016   -0.000096
   16   10.244237160    6.831362764    3.422556042    0.000079   -0.000002    0.000064
   17    6.837992380    0.000085123    6.916394614    0.000289   -0.000001   -0.000041
   18   13.644277650   13.662680104    6.918731801    0.000027   -0.000001   -0.000140
   19    3.411204671    3.424438087    6.941188067    0.000029    0.000086   -0.000046
   20    3.411107257   10.238338227    6.941208864    0.000029   -0.000090   -0.000045
   21    6.880900326    6.831333851    7.005312834   -0.000189    0.000002   -0.000212
   22   13.610930997    6.831285750    7.006033552    0.000053    0.000004   -0.000381
   23   10.247646120    3.480815043    7.025262205   -0.000135   -0.000143   -0.000302
   24   10.247636988   10.181802056    7.025272316   -0.000132    0.000140   -0.000296
   25   10.240358932   13.662643968   10.330129591    0.000219   -0.000003    0.000104
   26    3.412166923    6.831377135   10.343948263    0.000030    0.000001    0.000064
   27    6.785887984   10.296410061   10.354354188   -0.000035   -0.000068    0.000138
   28    6.786081683    3.366490823   10.354591366   -0.000037    0.000068    0.000138
   29    0.041450323    3.367557110   10.361408952    0.000025   -0.000154    0.000124
   30    0.041130800   10.294984922   10.361716613    0.000021    0.000151    0.000125
   31    3.408887746   13.662704844   10.370251502    0.000229   -0.000000    0.000049
   32   10.261552262    6.831368468   10.836318959   -0.000282    0.000000    0.000115
   33   10.202349069    5.522615724   14.866568144    0.000731    0.000494    0.000044
   34   10.210393459    8.136007534   14.867464949    0.000657   -0.000119    0.000098
   35    8.431560423    4.453717227   15.029942369    0.000316    0.000148    0.000218
   36    8.445563710    9.216656100   15.031215898    0.000575   -0.000345    0.000188
   37   11.960790830    4.447441019   15.124089801   -0.001123    0.000438   -0.000424
   38   11.975649238    9.201410445   15.126157037   -0.001330   -0.000608   -0.000462
 cps and forc at (iter_ion, iter_total =    15     183 )
    1    0.000000000    0.000000000    0.000000000   -0.000618    0.000002    0.000050
    2    3.415679731    3.415679731    0.000000000   -0.000004    0.000322    0.000503
    3    0.000000000    6.831359462    0.000000000   -0.000293   -0.000002   -0.000132
    4    3.415679731   10.247039192    0.000000000    0.000001   -0.000323    0.000506
    5    6.831359462    0.000000000    0.000000000    0.000483   -0.000003    0.000129
    6   10.247039192    3.415679731    0.000000000   -0.000094    0.000020   -0.000227
    7    6.831359462    6.831359462    0.000000000    0.000241    0.000003   -0.000104
    8   10.247039192   10.247039192    0.000000000   -0.000098   -0.000021   -0.000230
    9   -0.012061786    3.423856923    3.428168178   -0.000010    0.000118    0.000200
   10    3.411733030    0.000000712    3.418103746    0.000059   -0.000000    0.000150
   11   -0.012087830   10.238851506    3.428174657   -0.000008   -0.000119    0.000201
   12    3.415455578    6.831361007    3.440274522   -0.000176    0.000001    0.000021
   13    6.837501228    3.424690242    3.432801495    0.000176    0.000047   -0.000070
   14   10.241894334   -0.000044789    3.444131802    0.000171    0.000002    0.000057
   15    6.837522445   10.238002618    3.432855587    0.000173   -0.000047   -0.000070
   16   10.244464568    6.831364543    3.422243309    0.000077   -0.000002    0.000086
   17    6.837986110    0.000094609    6.915426524    0.000320   -0.000001   -0.000012
   18   13.644342134   13.662687688    6.917983157    0.000043   -0.000002   -0.000136
   19    3.411956488    3.424543443    6.940172408    0.000009    0.000084   -0.000021
   20    3.411857426   10.238238103    6.940185202    0.000009   -0.000088   -0.000020
   21    6.880943279    6.831323165    7.004489298   -0.000186    0.000003   -0.000199
   22   13.610641641    6.831274465    7.006896254    0.000082    0.000004   -0.000445
   23   10.248454970    3.481196214    7.025494798   -0.000170   -0.000163   -0.000332
   24   10.248438252   10.181418825    7.025493682   -0.000167    0.000161   -0.000327
   25   10.239146059   13.662638823   10.329393009    0.000273   -0.000003    0.000112
   26    3.410979366    6.831364834   10.343352779    0.000089    0.000002    0.000067
   27    6.786997634   10.295177842   10.354642342   -0.000071   -0.000062    0.000112
   28    6.787203453    3.367716088   10.354890508   -0.000072    0.000063    0.000114
   29    0.043082188    3.366061028   10.361256001   -0.000015   -0.000151    0.000104
   30    0.042773263   10.296475660   10.361550772   -0.000018    0.000149    0.000103
   31    3.411062085   13.662711150   10.369504889    0.000229   -0.000001    0.000043
   32   10.263083544    6.831363484   10.837652999   -0.000320    0.000001    0.000030
   33   10.201892231    5.523109900   14.865773051   -0.000210    0.000312    0.000033
   34   10.209836267    8.136112437   14.866771340   -0.000186   -0.000235    0.000025
   35    8.430628184    4.453190879   15.036263437    0.000698    0.000410    0.000119
   36    8.445076484    9.216887362   15.037394636    0.000725   -0.000441    0.000120
   37   11.959156260    4.448587262   15.116747261   -0.000546    0.000107   -0.000281
   38   11.973699529    9.200000125   15.118692243   -0.000600   -0.000148   -0.000290
 cps and forc at (iter_ion, iter_total =    16     191 )
    1    0.000000000    0.000000000    0.000000000   -0.000619    0.000002    0.000030
    2    3.415679731    3.415679731    0.000000000   -0.000001    0.000322    0.000478
    3    0.000000000    6.831359462    0.000000000   -0.000300   -0.000002   -0.000152
    4    3.415679731   10.247039192    0.000000000    0.000004   -0.000322    0.000481
    5    6.831359462    0.000000000    0.000000000    0.000483   -0.000003    0.000102
    6   10.247039192    3.415679731    0.000000000   -0.000091    0.000026   -0.000243
    7    6.831359462    6.831359462    0.000000000    0.000248    0.000003   -0.000116
    8   10.247039192   10.247039192    0.000000000   -0.000096   -0.000027   -0.000245
    9   -0.011858672    3.423832852    3.427780199   -0.000021    0.000119    0.000216
   10    3.411634242    0.000002240    3.417464256    0.000072   -0.000000    0.000184
   11   -0.011882029   10.238876242    3.427791701   -0.000020   -0.000120    0.000217
   12    3.415261548    6.831362942    3.439584037   -0.000160    0.000001    0.000046
   13    6.837614731    3.424547807    3.432271535    0.000176    0.000061   -0.000055
   14   10.241881434   -0.000040235    3.443548514    0.000186    0.000002    0.000077
   15    6.837631326   10.238146218    3.432326197    0.000173   -0.000060   -0.000055
   16   10.244724225    6.831362407    3.422179803    0.000065   -0.000002    0.000082
   17    6.838485804    0.000098004    6.914826127    0.000304   -0.000002    0.000014
   18   13.644447491   13.662689703    6.917325194    0.000060   -0.000002   -0.000111
   19    3.412428210    3.424739427    6.939529808    0.000002    0.000067    0.000001
   20    3.412328655   10.238038499    6.939539197    0.000003   -0.000071    0.000002
   21    6.880661547    6.831320846    7.003670993   -0.000163    0.000003   -0.000173
   22   13.610580698    6.831274467    7.006729801    0.000083    0.000004   -0.000414
   23   10.248673216    3.481168742    7.025112093   -0.000172   -0.000153   -0.000307
   24   10.248657274   10.181441448    7.025112734   -0.000169    0.000152   -0.000303
   25   10.238851745   13.662631621   10.329144585    0.000281   -0.000002    0.000108
   26    3.410384011    6.831360483   10.343116095    0.000105    0.000002    0.000065
   27    6.787556828   10.294351746   10.355012419   -0.000081   -0.000052    0.000082
   28    6.787768318    3.368538540   10.355269945   -0.000081    0.000053    0.000085
   29    0.044036610    3.364939882   10.361340936   -0.000040   -0.000128    0.000065
   30    0.043728948   10.297590426   10.361628004   -0.000042    0.000127    0.000064
   31    3.412715195   13.662713630   10.369140462    0.000214   -0.000001    0.000028
   32   10.263471312    6.831362775   10.838509001   -0.000321    0.000002   -0.000066
   33   10.201542997    5.523911802   14.865355477   -0.000710    0.000042    0.000006
   34   10.209435188    8.135834784   14.866410684   -0.000640   -0.000224   -0.000053
   35    8.431029479    4.453443269   15.040216709    0.000666    0.000445    0.000076
   36    8.445829820    9.216382150   15.041259653    0.000511   -0.000338    0.000101
   37   11.957222506    4.449495377   15.111923137    0.000000   -0.000172   -0.000176
   38   11.971475082    9.198851970   15.113776857    0.000096    0.000250   -0.000158
 cps and forc at (iter_ion, iter_total =    17     199 )
    1    0.000000000    0.000000000    0.000000000   -0.000615    0.000002    0.000023
    2    3.415679731    3.415679731    0.000000000    0.000001    0.000319    0.000466
    3    0.000000000    6.831359462    0.000000000   -0.000307   -0.000002   -0.000169
    4    3.415679731   10.247039192    0.000000000    0.000006   -0.000319    0.000468
    5    6.831359462    0.000000000    0.000000000    0.000482   -0.000003    0.000084
    6   10.247039192    3.415679731    0.000000000   -0.000085    0.000032   -0.000255
    7    6.831359462    6.831359462    0.000000000    0.000253    0.000003   -0.000125
    8   10.247039192   10.247039192    0.000000000   -0.000089   -0.000032   -0.000257
    9   -0.011710727    3.423966150    3.427745699   -0.000025    0.000105    0.000204
   10    3.411657762    0.000003099    3.417193624    0.000084   -0.000000    0.000197
   11   -0.011730022   10.238742638    3.427761702   -0.000024   -0.000105    0.000204
   12    3.414889897    6.831365622    3.439061990   -0.000125    0.000000    0.000054
   13    6.837938680    3.424506402    3.431750231    0.000157    0.000066   -0.000044
   14   10.242128524   -0.000034318    3.443151391    0.000186    0.000001    0.000075
   15    6.837947475   10.238189710    3.431805757    0.000155   -0.000065   -0.000044
   16   10.245024127    6.831358251    3.422231480    0.000047   -0.000001    0.000064
   17    6.839310202    0.000098243    6.914364382    0.000263   -0.000002    0.000039
   18   13.644617274   13.662688786    6.916648070    0.000078   -0.000002   -0.000074
   19    3.412818182    3.424989118    6.939015233    0.000003    0.000041    0.000023
   20    3.412718757   10.237780319    6.939023156    0.000004   -0.000045    0.000024
   21    6.880195594    6.831322685    7.002762929   -0.000130    0.000002   -0.000139
   22   13.610630667    6.831280142    7.006037580    0.000069    0.000003   -0.000334
   23   10.248609778    3.480934509    7.024379097   -0.000157   -0.000128   -0.000252
   24   10.248598826   10.181669718    7.024386899   -0.000154    0.000127   -0.000249
   25   10.239010871   13.662622608   10.329112051    0.000266   -0.000002    0.000098
   26    3.410030361    6.831360120   10.343029103    0.000100    0.000002    0.000057
   27    6.787899612   10.293626041   10.355440446   -0.000077   -0.000037    0.000046
   28    6.788115658    3.369262618   10.355709808   -0.000076    0.000038    0.000050
   29    0.044745930    3.363873084   10.361509496   -0.000059   -0.000094    0.000019
   30    0.044436496   10.298650371   10.361789230   -0.000061    0.000093    0.000018
   31    3.414333291   13.662714203   10.368899960    0.000189   -0.000001    0.000012
   32   10.263307834    6.831365110   10.839104915   -0.000309    0.000002   -0.000160
   33   10.200644353    5.524613081   14.865035049   -0.000627   -0.000180   -0.000025
   34   10.208548368    8.135357132   14.866063718   -0.000566   -0.000108   -0.000101
   35    8.432058572    4.454142186   15.043488672    0.000280    0.000265    0.000077
   36    8.446981376    9.215594623   15.044490196    0.000067   -0.000105    0.000109
   37   11.955541680    4.450058558   15.107810756    0.000313   -0.000310   -0.000111
   38   11.969674870    9.198184620   15.109610948    0.000480    0.000441   -0.000082
 cps and forc at (iter_ion, iter_total =    18     207 )
    1    0.000000000    0.000000000    0.000000000   -0.000607    0.000002    0.000027
    2    3.415679731    3.415679731    0.000000000    0.000001    0.000314    0.000462
    3    0.000000000    6.831359462    0.000000000   -0.000313   -0.000002   -0.000180
    4    3.415679731   10.247039192    0.000000000    0.000006   -0.000314    0.000464
    5    6.831359462    0.000000000    0.000000000    0.000482   -0.000003    0.000075
    6   10.247039192    3.415679731    0.000000000   -0.000075    0.000035   -0.000264
    7    6.831359462    6.831359462    0.000000000    0.000256    0.000003   -0.000132
    8   10.247039192   10.247039192    0.000000000   -0.000080   -0.000036   -0.000266
    9   -0.011621851    3.424188103    3.427956450   -0.000021    0.000082    0.000174
   10    3.411782314    0.000003437    3.417224151    0.000091   -0.000000    0.000192
   11   -0.011637203   10.238519960    3.427975695   -0.000021   -0.000082    0.000173
   12    3.414462552    6.831368092    3.438715304   -0.000083    0.000000    0.000049
   13    6.838370199    3.424551393    3.431290063    0.000127    0.000062   -0.000037
   14   10.242546693   -0.000028599    3.442922964    0.000176    0.000001    0.000059
   15    6.838370678   10.238147322    3.431346540    0.000126   -0.000062   -0.000037
   16   10.245308364    6.831353570    3.422340525    0.000029   -0.000001    0.000039
   17    6.840257220    0.000096142    6.914063639    0.000213   -0.000002    0.000058
   18   13.644849102   13.662685921    6.916048555    0.000092   -0.000002   -0.000035
   19    3.413126261    3.425225344    6.938653060    0.000009    0.000016    0.000042
   20    3.413027460   10.237533642    6.938661021    0.000009   -0.000019    0.000043
   21    6.879681003    6.831326906    7.001897572   -0.000095    0.000002   -0.000106
   22   13.610742963    6.831288402    7.005124463    0.000048    0.000002   -0.000235
   23   10.248373147    3.480603866    7.023520627   -0.000132   -0.000098   -0.000187
   24   10.248369097   10.181994885    7.023537097   -0.000130    0.000097   -0.000185
   25   10.239456955   13.662613585   10.329210346    0.000236   -0.000001    0.000084
   26    3.409870319    6.831362351   10.343034324    0.000083    0.000002    0.000046
   27    6.788073540   10.293029000   10.355824330   -0.000063   -0.000022    0.000016
   28    6.788293644    3.369859704   10.356106671   -0.000063    0.000023    0.000018
   29    0.045214080    3.362950676   10.361654485   -0.000072   -0.000054   -0.000026
   30    0.044901885   10.299566597   10.361927442   -0.000073    0.000053   -0.000026
   31    3.415801581   13.662713245   10.368730641    0.000158   -0.000001   -0.000004
   32   10.262795415    6.831369942   10.839345730   -0.000288    0.000002   -0.000226
   33   10.199476997    5.524896710   14.864753818   -0.000171   -0.000253   -0.000052
   34   10.207433776    8.134924526   14.865677416   -0.000152    0.000049   -0.000102
   35    8.432954066    4.454874486   15.046106214   -0.000197    0.000004    0.000098
   36    8.447745478    9.214968252   15.047111815   -0.000335    0.000107    0.000120
   37   11.954589099    4.450143794   15.104515821    0.000353   -0.000306   -0.000087
   38   11.968824982    9.198168367   15.106307213    0.000481    0.000402   -0.000067
 cps and forc at (iter_ion, iter_total =    19     215 )
    1    0.000000000    0.000000000    0.000000000   -0.000596    0.000002    0.000040
    2    3.415679731    3.415679731    0.000000000   -0.000001    0.000308    0.000467
    3    0.000000000    6.831359462    0.000000000   -0.000318   -0.000002   -0.000188
    4    3.415679731   10.247039192    0.000000000    0.000004   -0.000308    0.000469
    5    6.831359462    0.000000000    0.000000000    0.000483   -0.000003    0.000074
    6   10.247039192    3.415679731    0.000000000   -0.000064    0.000037   -0.000270
    7    6.831359462    6.831359462    0.000000000    0.000257    0.000003   -0.000137
    8   10.247039192   10.247039192    0.000000000   -0.000069   -0.000038   -0.000271
    9   -0.011583784    3.424469244    3.428358634   -0.000012    0.000054    0.000132
   10    3.412004653    0.000003401    3.417517097    0.000094   -0.000000    0.000171
   11   -0.011595795   10.238237816    3.428379687   -0.000012   -0.000054    0.000132
   12    3.414025047    6.831370068    3.438523116   -0.000039   -0.000000    0.000037
   13    6.838872220    3.424671737    3.430891677    0.000091    0.000052   -0.000032
   14   10.243108237   -0.000023575    3.442832852    0.000155   -0.000000    0.000035
   15    6.838864807   10.238029863    3.430949140    0.000091   -0.000051   -0.000032
   16   10.245562181    6.831348910    3.422476788    0.000012   -0.000000    0.000012
   17    6.841268539    0.000092162    6.913920526    0.000159   -0.000001    0.000069
   18   13.645151678   13.662681596    6.915550837    0.000099   -0.000001    0.000002
   19    3.413369780    3.425425690    6.938442128    0.000017   -0.000006    0.000056
   20    3.413272012   10.237321968    6.938451582    0.000017    0.000005    0.000057
   21    6.879158453    6.831332662    7.001097890   -0.000063    0.000001   -0.000076
   22   13.610893530    6.831297890    7.004108392    0.000024    0.000001   -0.000130
   23   10.248008188    3.480216925    7.022612628   -0.000101   -0.000066   -0.000119
   24   10.248012108   10.182376795    7.022638484   -0.000100    0.000065   -0.000117
   25   10.240126215   13.662605091   10.329405073    0.000197   -0.000001    0.000068
   26    3.409866400    6.831366288   10.343104749    0.000057    0.000001    0.000034
   27    6.788114130   10.292552631   10.356136455   -0.000044   -0.000007   -0.000007
   28    6.788337297    3.370337195   10.356431456   -0.000044    0.000008   -0.000007
   29    0.045461250    3.362186251   10.361729162   -0.000078   -0.000013   -0.000063
   30    0.045145227   10.300325338   10.361996753   -0.000079    0.000013   -0.000062
   31    3.417121020   13.662710803   10.368600110    0.000121   -0.000001   -0.000016
   32   10.261999248    6.831376304   10.839211866   -0.000261    0.000001   -0.000258
   33   10.198517791    5.524798654   14.864474437    0.000266   -0.000193   -0.000069
   34   10.206525994    8.134685667   14.865261093    0.000244    0.000169   -0.000075
   35    8.433300962    4.455394056   15.048204186   -0.000522   -0.000192    0.000115
   36    8.447846039    9.214650347   15.049237066   -0.000525    0.000206    0.000116
   37   11.954269406    4.449828155   15.101919817    0.000256   -0.000238   -0.000084
   38   11.968727474    9.198642283   15.103726849    0.000283    0.000252   -0.000083
 cps and forc at (iter_ion, iter_total =    20     223 )
    1    0.000000000    0.000000000    0.000000000   -0.000578    0.000001    0.000062
    2    3.415679731    3.415679731    0.000000000   -0.000004    0.000299    0.000479
    3    0.000000000    6.831359462    0.000000000   -0.000324   -0.000002   -0.000195
    4    3.415679731   10.247039192    0.000000000    0.000002   -0.000299    0.000481
    5    6.831359462    0.000000000    0.000000000    0.000485   -0.000003    0.000077
    6   10.247039192    3.415679731    0.000000000   -0.000046    0.000039   -0.000277
    7    6.831359462    6.831359462    0.000000000    0.000257    0.000003   -0.000145
    8   10.247039192   10.247039192    0.000000000   -0.000051   -0.000040   -0.000278
    9   -0.011552501    3.424894762    3.429043712    0.000005    0.000013    0.000067
   10    3.412419215    0.000003250    3.418122937    0.000094    0.000000    0.000131
   11   -0.011560768   10.237810761    3.429065952    0.000004   -0.000013    0.000066
   12    3.413429473    6.831372170    3.438333059    0.000021   -0.000001    0.000016
   13    6.839627198    3.424895474    3.430346782    0.000038    0.000030   -0.000025
   14   10.244030886   -0.000017392    3.442766363    0.000117   -0.000001   -0.000003
   15    6.839609733   10.237810339    3.430405623    0.000038   -0.000030   -0.000026
   16   10.245895767    6.831342736    3.422659479   -0.000008    0.000000   -0.000026
   17    6.842755492    0.000085275    6.913838240    0.000082   -0.000001    0.000077
   18   13.645677969   13.662674549    6.914932403    0.000102   -0.000001    0.000049
   19    3.413705568    3.425663235    6.938257029    0.000030   -0.000033    0.000073
   20    3.413609512   10.237068290    6.938269637    0.000030    0.000033    0.000073
   21    6.878423541    6.831341311    6.999988049   -0.000019    0.000000   -0.000037
   22   13.611114075    6.831311098    7.002672058   -0.000008   -0.000001    0.000013
   23   10.247416614    3.479646070    7.021319319   -0.000053   -0.000021   -0.000024
   24   10.247432129   10.182940481    7.021358541   -0.000052    0.000020   -0.000023
   25   10.241232956   13.662593648   10.329735315    0.000133    0.000000    0.000045
   26    3.409934844    6.831372464   10.343231546    0.000017    0.000000    0.000015
   27    6.788112628   10.291937383   10.356509390   -0.000012    0.000013   -0.000032
   28    6.788338779    3.370954263   10.356820905   -0.000013   -0.000013   -0.000034
   29    0.045667189    3.361205468   10.361717644   -0.000081    0.000044   -0.000108
   30    0.045344514   10.301297904   10.361979928   -0.000083   -0.000045   -0.000106
   31    3.418959531   13.662706059   10.368402720    0.000064   -0.000001   -0.000028
   32   10.260644301    6.831386006   10.838670085   -0.000216    0.000000   -0.000271
   33   10.197632087    5.524426336   14.864013504    0.000588   -0.000049   -0.000076
   34   10.205678518    8.134631566   14.864626530    0.000537    0.000254   -0.000027
   35    8.433005473    4.455779636   15.051046671   -0.000670   -0.000301    0.000109
   36    8.447256319    9.214522330   15.052111864   -0.000511    0.000194    0.000086
   37   11.954258365    4.449076673   15.098492226    0.000095   -0.000139   -0.000083
   38   11.969012284    9.199596234   15.100316679   -0.000014    0.000046   -0.000106
 cps and forc at (iter_ion, iter_total =    21     231 )
    1    0.000000000    0.000000000    0.000000000   -0.000557    0.000001    0.000086
    2    3.415679731    3.415679731    0.000000000   -0.000007    0.000289    0.000493
    3    0.000000000    6.831359462    0.000000000   -0.000327   -0.000002   -0.000199
    4    3.415679731   10.247039192    0.000000000   -0.000002   -0.000289    0.000495
    5    6.831359462    0.000000000    0.000000000    0.000487   -0.000003    0.000082
    6   10.247039192    3.415679731    0.000000000   -0.000029    0.000040   -0.000284
    7    6.831359462    6.831359462    0.000000000    0.000256    0.000004   -0.000153
    8   10.247039192   10.247039192    0.000000000   -0.000034   -0.000040   -0.000284
    9   -0.011520022    3.425308967    3.429777300    0.000025   -0.000027    0.000001
   10    3.412934589    0.000003146    3.418871404    0.000088    0.000000    0.000081
   11   -0.011525960   10.237394962    3.429799158    0.000023    0.000027    0.000000
   12    3.412908550    6.831373341    3.438190007    0.000075   -0.000001   -0.000004
   13    6.840379785    3.425147241    3.429814482   -0.000015    0.000004   -0.000017
   14   10.245048423   -0.000012621    3.442711280    0.000072   -0.000001   -0.000037
   15    6.840354316   10.237562580    3.429874540   -0.000013   -0.000005   -0.000017
   16   10.246192219    6.831337523    3.422794800   -0.000023    0.000001   -0.000059
   17    6.844244021    0.000077653    6.913872419    0.000010   -0.000000    0.000077
   18   13.646307304   13.662667003    6.914431567    0.000097   -0.000000    0.000090
   19    3.414054931    3.425836514    6.938190736    0.000042   -0.000052    0.000082
   20    3.413960531   10.236879886    6.938207193    0.000041    0.000053    0.000083
   21    6.877723189    6.831349532    6.998916498    0.000022   -0.000001    0.000000
   22   13.611311107    6.831322608    7.001360199   -0.000036   -0.000002    0.000141
   23   10.246795854    3.479089024    7.020092405   -0.000003    0.000020    0.000063
   24   10.246822418   10.183490070    7.020144399   -0.000004   -0.000021    0.000062
   25   10.242441925   13.662583349   10.330099606    0.000067    0.000001    0.000020
   26    3.410029085    6.831378512   10.343367155   -0.000022   -0.000000   -0.000003
   27    6.788092346   10.291386823   10.356804586    0.000021    0.000031   -0.000048
   28    6.788319235    3.371506223   10.357129086    0.000019   -0.000032   -0.000052
   29    0.045740135    3.360363590   10.361549950   -0.000079    0.000098   -0.000143
   30    0.045409265   10.302131228   10.361811064   -0.000081   -0.000099   -0.000139
   31    3.420743153   13.662700122   10.368177579    0.000001   -0.000001   -0.000034
   32   10.259094825    6.831395530   10.837785909   -0.000165   -0.000000   -0.000256
   33   10.197330062    5.524005050   14.863483381    0.000520    0.000088   -0.000063
   34   10.205370449    8.134884443   14.863991732    0.000479    0.000213    0.000012
   35    8.431991467    4.455830327   15.053803251   -0.000475   -0.000213    0.000069
   36    8.446139873    9.214595076   15.054872321   -0.000259    0.000058    0.000036
   37   11.954488931    4.448125762   15.095228408   -0.000020   -0.000064   -0.000078
   38   11.969391737    9.200629776   15.097041869   -0.000195   -0.000076   -0.000113
 cps and forc at (iter_ion, iter_total =    22     238 )
    1    0.000000000    0.000000000    0.000000000   -0.000543    0.000001    0.000100
    2    3.415679731    3.415679731    0.000000000   -0.000009    0.000283    0.000502
    3    0.000000000    6.831359462    0.000000000   -0.000327   -0.000002   -0.000199
    4    3.415679731   10.247039192    0.000000000   -0.000004   -0.000283    0.000504
    5    6.831359462    0.000000000    0.000000000    0.000489   -0.000003    0.000086
    6   10.247039192    3.415679731    0.000000000   -0.000019    0.000039   -0.000287
    7    6.831359462    6.831359462    0.000000000    0.000255    0.000004   -0.000159
    8   10.247039192   10.247039192    0.000000000   -0.000024   -0.000040   -0.000287
    9   -0.011482482    3.425482861    3.430165476    0.000036   -0.000042   -0.000028
   10    3.413312787    0.000003133    3.419381377    0.000079    0.000000    0.000048
   11   -0.011488979   10.237220223    3.430185235    0.000035    0.000042   -0.000029
   12    3.412757785    6.831372780    3.438150877    0.000093   -0.000001   -0.000010
   13    6.840731396    3.425286489    3.429554997   -0.000037   -0.000012   -0.000010
   14   10.245650887   -0.000012026    3.442667165    0.000043   -0.000001   -0.000048
   15    6.840704620   10.237424932    3.429615356   -0.000035    0.000012   -0.000010
   16   10.246297210    6.831336232    3.422789046   -0.000025    0.000001   -0.000068
   17    6.844976001    0.000073202    6.914016993   -0.000018   -0.000000    0.000066
   18   13.646744559   13.662662750    6.914329264    0.000084   -0.000000    0.000099
   19    3.414262787    3.425844320    6.938294642    0.000045   -0.000054    0.000078
   20    3.414168906   10.236866034    6.938313572    0.000045    0.000055    0.000078
   21    6.877420754    6.831352748    6.998421920    0.000037   -0.000001    0.000015
   22   13.611366871    6.831325782    7.000901422   -0.000044   -0.000002    0.000182
   23   10.246474693    3.478840991    7.019583206    0.000021    0.000036    0.000092
   24   10.246505792   10.183734130    7.019640251    0.000020   -0.000036    0.000091
   25   10.243142177   13.662579760   10.330313811    0.000032    0.000001    0.000009
   26    3.410077495    6.831381126   10.343436382   -0.000036   -0.000001   -0.000012
   27    6.788085601   10.291187703   10.356866772    0.000036    0.000039   -0.000048
   28    6.788310169    3.371705443   10.357193385    0.000034   -0.000040   -0.000051
   29    0.045630717    3.360121627   10.361268266   -0.000072    0.000119   -0.000145
   30    0.045294221   10.302368638   10.361534100   -0.000073   -0.000119   -0.000142
   31    3.421562634   13.662695727   10.368031706   -0.000034   -0.000001   -0.000030
   32   10.258096146    6.831399923   10.836965959   -0.000134   -0.000001   -0.000221
   33   10.197630430    5.523843930   14.863153744    0.000200    0.000113   -0.000037
   34   10.205642250    8.135260399   14.863690947    0.000190    0.000083    0.000016
   35    8.430978996    4.455648444   15.055092615   -0.000125   -0.000021    0.000021
   36    8.445286283    9.214687265   15.056130815    0.000009   -0.000077   -0.000001
   37   11.954766453    4.447471567   15.093710171   -0.000048   -0.000038   -0.000075
   38   11.969564248    9.201183766   15.095482890   -0.000167   -0.000054   -0.000100
 cps and forc at (iter_ion, iter_total =    23     245 )
    1    0.000000000    0.000000000    0.000000000   -0.000537    0.000001    0.000104
    2    3.415679731    3.415679731    0.000000000   -0.000010    0.000281    0.000506
    3    0.000000000    6.831359462    0.000000000   -0.000325   -0.000002   -0.000196
    4    3.415679731   10.247039192    0.000000000   -0.000005   -0.000281    0.000508
    5    6.831359462    0.000000000    0.000000000    0.000490   -0.000003    0.000087
    6   10.247039192    3.415679731    0.000000000   -0.000016    0.000038   -0.000287
    7    6.831359462    6.831359462    0.000000000    0.000254    0.000004   -0.000163
    8   10.247039192   10.247039192    0.000000000   -0.000022   -0.000039   -0.000288
    9   -0.011427446    3.425477239    3.430264477    0.000039   -0.000041   -0.000030
   10    3.413554094    0.000003107    3.419641264    0.000069   -0.000000    0.000033
   11   -0.011436028   10.237225597    3.430281503    0.000038    0.000041   -0.000031
   12    3.412855436    6.831371325    3.438153140    0.000086   -0.000001   -0.000006
   13    6.840784764    3.425320785    3.429479780   -0.000037   -0.000018   -0.000005
   14   10.245907538   -0.000013948    3.442607634    0.000029   -0.000001   -0.000041
   15    6.840760809   10.237390516    3.429539745   -0.000035    0.000018   -0.000005
   16   10.246282403    6.831337467    3.422689461   -0.000019    0.000001   -0.000062
   17    6.845160724    0.000071421    6.914184613   -0.000017   -0.000000    0.000053
   18   13.647005818   13.662661067    6.914467920    0.000069   -0.000000    0.000088
   19    3.414378232    3.425758397    6.938467672    0.000044   -0.000044    0.000067
   20    3.414283912   10.236952152    6.938487565    0.000043    0.000045    0.000067
   21    6.877394300    6.831352345    6.998319593    0.000035   -0.000001    0.000015
   22   13.611322279    6.831323359    7.001034279   -0.000039   -0.000002    0.000163
   23   10.246396454    3.478817707    7.019575467    0.000025    0.000033    0.000083
   24   10.246427455   10.183756232    7.019631631    0.000024   -0.000032    0.000081
   25   10.243420568   13.662580601   10.330400280    0.000021    0.000001    0.000006
   26    3.410063688    6.831381248   10.343446826   -0.000031   -0.000000   -0.000013
   27    6.788115843   10.291210504   10.356796401    0.000037    0.000040   -0.000040
   28    6.788337129    3.371682086   10.357119023    0.000036   -0.000041   -0.000042
   29    0.045454101    3.360260602   10.360954860   -0.000064    0.000117   -0.000131
   30    0.045114951   10.302228346   10.361227753   -0.000064   -0.000117   -0.000128
   31    3.421715803   13.662692901   10.367950095   -0.000047   -0.000001   -0.000020
   32   10.257572633    6.831400633   10.836336742   -0.000122   -0.000000   -0.000186
   33   10.197985519    5.523894381   14.863002460   -0.000045    0.000071   -0.000015
   34   10.205979709    8.135519696   14.863620768   -0.000037   -0.000034    0.000003
   35    8.430433712    4.455543281   15.055400521    0.000113    0.000118   -0.000008
   36    8.444957164    9.214643734   15.056401429    0.000137   -0.000134   -0.000014
   37   11.954920985    4.447142350   15.093291700   -0.000045   -0.000028   -0.000076
   38   11.969536620    9.201367215   15.095020387   -0.000070    0.000012   -0.000085
 cps and forc at (iter_ion, iter_total =    24     252 )
    1    0.000000000    0.000000000    0.000000000   -0.000528    0.000001    0.000106
    2    3.415679731    3.415679731    0.000000000   -0.000011    0.000279    0.000508
    3    0.000000000    6.831359462    0.000000000   -0.000321   -0.000002   -0.000191
    4    3.415679731   10.247039192    0.000000000   -0.000006   -0.000279    0.000510
    5    6.831359462    0.000000000    0.000000000    0.000492   -0.000003    0.000087
    6   10.247039192    3.415679731    0.000000000   -0.000015    0.000037   -0.000289
    7    6.831359462    6.831359462    0.000000000    0.000253    0.000003   -0.000169
    8   10.247039192   10.247039192    0.000000000   -0.000020   -0.000038   -0.000290
    9   -0.011316973    3.425405512    3.430306180    0.000041   -0.000032   -0.000023
   10    3.413880396    0.000002929    3.419931357    0.000052   -0.000000    0.000017
   11   -0.011329001   10.237297096    3.430318907    0.000040    0.000032   -0.000024
   12    3.413085156    6.831368898    3.438152642    0.000067   -0.000000    0.000005
   13    6.840769822    3.425322901    3.429411145   -0.000029   -0.000024    0.000003
   14   10.246181721   -0.000017550    3.442492618    0.000014   -0.000001   -0.000025
   15    6.840751293   10.237387606    3.429470176   -0.000028    0.000024    0.000003
   16   10.246234907    6.831340066    3.422500128   -0.000008    0.000001   -0.000047
   17    6.845289506    0.000069592    6.914426427   -0.000006   -0.000000    0.000034
   18   13.647348940   13.662659175    6.914742042    0.000047   -0.000000    0.000067
   19    3.414548187    3.425608097    6.938736933    0.000039   -0.000026    0.000048
   20    3.414452652   10.237104468    6.938757455    0.000039    0.000027    0.000048
   21    6.877432693    6.831350513    6.998261897    0.000028   -0.000001    0.000010
   22   13.611219551    6.831317913    7.001423096   -0.000026   -0.000001    0.000115
   23   10.246367010    3.478852099    7.019710804    0.000024    0.000023    0.000057
   24   10.246396442   10.183721237    7.019763050    0.000024   -0.000022    0.000055
   25   10.243701116   13.662583243   10.330487526    0.000013    0.000001    0.000005
   26    3.410005944    6.831380704   10.343436368   -0.000017   -0.000000   -0.000011
   27    6.788197720   10.291304335   10.356663095    0.000033    0.000040   -0.000026
   28    6.788414422    3.371587425   10.356978740    0.000032   -0.000040   -0.000027
   29    0.045184683    3.360585920   10.360460568   -0.000051    0.000106   -0.000103
   30    0.044843217   10.301902263   10.360744166   -0.000051   -0.000106   -0.000102
   31    3.421758698   13.662689067   10.367846679   -0.000061   -0.000001   -0.000004
   32   10.256908733    6.831400959   10.835463652   -0.000110    0.000000   -0.000139
   33   10.198291996    5.524037714   14.862843417   -0.000218   -0.000003    0.000004
   34   10.206278206    8.135715989   14.863565285   -0.000198   -0.000134   -0.000019
   35    8.430067056    4.455605287   15.055631121    0.000285    0.000220   -0.000032
   36    8.444827302    9.214420236   15.056588689    0.000191   -0.000147   -0.000020
   37   11.955003879    4.446798832   15.092839160   -0.000046   -0.000010   -0.000080
   38   11.969416163    9.201552996   15.094514973    0.000035    0.000077   -0.000070
 cps and forc at (iter_ion, iter_total =    25     259 )
    1    0.000000000    0.000000000    0.000000000   -0.000513    0.000002    0.000110
    2    3.415679731    3.415679731    0.000000000   -0.000012    0.000274    0.000510
    3    0.000000000    6.831359462    0.000000000   -0.000314   -0.000002   -0.000183
    4    3.415679731   10.247039192    0.000000000   -0.000007   -0.000274    0.000512
    5    6.831359462    0.000000000    0.000000000    0.000495   -0.000003    0.000085
    6   10.247039192    3.415679731    0.000000000   -0.000011    0.000035   -0.000291
    7    6.831359462    6.831359462    0.000000000    0.000253    0.000003   -0.000180
    8   10.247039192   10.247039192    0.000000000   -0.000016   -0.000035   -0.000293
    9   -0.011077628    3.425269568    3.430372303    0.000042   -0.000017   -0.000010
   10    3.414488154    0.000002287    3.420434765    0.000022   -0.000000   -0.000010
   11   -0.011095486   10.237432446    3.430377233    0.000042    0.000017   -0.000010
   12    3.413506261    6.831364631    3.438142861    0.000034   -0.000000    0.000024
   13    6.840748040    3.425299763    3.429273635   -0.000014   -0.000032    0.000017
   14   10.246679834   -0.000023906    3.442267741   -0.000012   -0.000000    0.000005
   15    6.840738976   10.237409119    3.429330751   -0.000014    0.000031    0.000017
   16   10.246172549    6.831344540    3.422145987    0.000011   -0.000000   -0.000020
   17    6.845572138    0.000066193    6.914840786    0.000010   -0.000000    0.000001
   18   13.647982020   13.662655345    6.915225439    0.000008   -0.000000    0.000028
   19    3.414896222    3.425351832    6.939209895    0.000030    0.000003    0.000015
   20    3.414798035   10.237363737    6.939230979    0.000029   -0.000003    0.000014
   21    6.877487973    6.831347191    6.998114918    0.000016   -0.000000    0.000004
   22   13.611033733    6.831308185    7.002113021   -0.000003   -0.000000    0.000030
   23   10.246326551    3.478905713    7.019925459    0.000023    0.000006    0.000010
   24   10.246353389   10.183666975    7.019969618    0.000023   -0.000005    0.000008
   25   10.244218453   13.662588013   10.330649253    0.000001    0.000001    0.000004
   26    3.409889383    6.831380043   10.343409566    0.000009    0.000000   -0.000007
   27    6.788379738   10.291469212   10.356443242    0.000024    0.000041   -0.000003
   28    6.788589172    3.371421507   10.356747876    0.000025   -0.000040   -0.000003
   29    0.044709658    3.361186819   10.359539161   -0.000029    0.000086   -0.000053
   30    0.044365157   10.301300361   10.359841010   -0.000027   -0.000085   -0.000054
   31    3.421851188   13.662681937   10.367667835   -0.000084   -0.000000    0.000023
   32   10.255632692    6.831402352   10.833873825   -0.000089    0.000001   -0.000061
   33   10.198518875    5.524242327   14.862568689   -0.000298   -0.000088    0.000019
   34   10.206511668    8.135841095   14.863411284   -0.000273   -0.000218   -0.000048
   35    8.429824942    4.456007578   15.056150146    0.000382    0.000274   -0.000052
   36    8.444822405    9.213873178   15.057056524    0.000177   -0.000116   -0.000022
   37   11.955002084    4.446240027   15.091762543   -0.000065    0.000029   -0.000088
   38   11.969222785    9.201965886   15.093370152    0.000123    0.000121   -0.000057
 cps and forc at (iter_ion, iter_total =    26     266 )
    1    0.000000000    0.000000000    0.000000000   -0.000497    0.000002    0.000114
    2    3.415679731    3.415679731    0.000000000   -0.000012    0.000270    0.000512
    3    0.000000000    6.831359462    0.000000000   -0.000306   -0.000002   -0.000176
    4    3.415679731   10.247039192    0.000000000   -0.000007   -0.000270    0.000514
    5    6.831359462    0.000000000    0.000000000    0.000498   -0.000003    0.000082
    6   10.247039192    3.415679731    0.000000000   -0.000006    0.000032   -0.000294
    7    6.831359462    6.831359462    0.000000000    0.000252    0.000003   -0.000190
    8   10.247039192   10.247039192    0.000000000   -0.000011   -0.000033   -0.000296
    9   -0.010770518    3.425125936    3.430449065    0.000041   -0.000002    0.000003
   10    3.415152264    0.000001088    3.420948308   -0.000011   -0.000001   -0.000037
   11   -0.010793725   10.237575003    3.430445770    0.000042    0.000001    0.000003
   12    3.413951294    6.831360423    3.438145103    0.000001    0.000000    0.000041
   13    6.840742604    3.425239706    3.429124081    0.000002   -0.000037    0.000031
   14   10.247210134   -0.000030254    3.442032514   -0.000037    0.000000    0.000035
   15    6.840742713   10.237467077    3.429178894    0.000001    0.000036    0.000030
   16   10.246144295    6.831348722    3.421765840    0.000029   -0.000001    0.000008
   17    6.845947829    0.000062399    6.915248960    0.000023    0.000000   -0.000031
   18   13.648660342   13.662650659    6.915716580   -0.000032   -0.000000   -0.000012
   19    3.415314301    3.425109117    6.939691805    0.000019    0.000030   -0.000019
   20    3.415212679   10.237608426    6.939712785    0.000019   -0.000031   -0.000020
   21    6.877527304    6.831343854    6.997907201    0.000005    0.000000   -0.000001
   22   13.610849590    6.831298431    7.002787137    0.000021    0.000001   -0.000057
   23   10.246294291    3.478941282    7.020090902    0.000021   -0.000012   -0.000038
   24   10.246318970   10.183631062    7.020125789    0.000022    0.000012   -0.000039
   25   10.244790935   13.662592997   10.330831915   -0.000012    0.000000    0.000002
   26    3.409776711    6.831379922   10.343375482    0.000038    0.000000   -0.000003
   27    6.788606324   10.291653655   10.356239196    0.000013    0.000042    0.000019
   28    6.788809056    3.371236439   10.356533957    0.000014   -0.000042    0.000020
   29    0.044212401    3.361855205   10.358532334   -0.000004    0.000064   -0.000001
   30    0.043865804   10.300631232   10.358852116   -0.000003   -0.000063   -0.000002
   31    3.421935696   13.662674133   10.367505509   -0.000107    0.000000    0.000050
   32   10.254155940    6.831404769   10.832164091   -0.000064    0.000000    0.000017
   33   10.198494578    5.524361289   14.862278323   -0.000193   -0.000111    0.000012
   34   10.206511393    8.135722650   14.863164775   -0.000177   -0.000194   -0.000059
   35    8.429951541    4.456725698   15.056809659    0.000290    0.000209   -0.000052
   36    8.444969127    9.213182919   15.057695632    0.000087   -0.000051   -0.000021
   37   11.954829447    4.445718340   15.090311120   -0.000076    0.000058   -0.000092
   38   11.969068049    9.202505390   15.091881318    0.000115    0.000091   -0.000059
 cps and forc at (iter_ion, iter_total =    27     273 )
    1    0.000000000    0.000000000    0.000000000   -0.000490    0.000002    0.000116
    2    3.415679731    3.415679731    0.000000000   -0.000011    0.000269    0.000512
    3    0.000000000    6.831359462    0.000000000   -0.000302   -0.000002   -0.000173
    4    3.415679731   10.247039192    0.000000000   -0.000006   -0.000269    0.000514
    5    6.831359462    0.000000000    0.000000000    0.000500   -0.000003    0.000078
    6   10.247039192    3.415679731    0.000000000   -0.000003    0.000031   -0.000295
    7    6.831359462    6.831359462    0.000000000    0.000252    0.000003   -0.000193
    8   10.247039192   10.247039192    0.000000000   -0.000008   -0.000032   -0.000297
    9   -0.010553969    3.425052758    3.430489966    0.000037    0.000005    0.000007
   10    3.415480968   -0.000000212    3.421156370   -0.000026   -0.000000   -0.000046
   11   -0.010578508   10.237646944    3.430482849    0.000039   -0.000005    0.000008
   12    3.414171796    6.831358894    3.438183819   -0.000012    0.000001    0.000045
   13    6.840751702    3.425159599    3.429071171    0.000010   -0.000035    0.000034
   14   10.247442653   -0.000032784    3.441943546   -0.000043    0.000001    0.000044
   15    6.840754998   10.237545447    3.429124539    0.000008    0.000034    0.000034
   16   10.246176678    6.831349953    3.421582054    0.000035   -0.000001    0.000020
   17    6.846193485    0.000060503    6.915406023    0.000023    0.000000   -0.000041
   18   13.648973083   13.662647791    6.915935195   -0.000046   -0.000000   -0.000028
   19    3.415566348    3.425029937    6.939900447    0.000013    0.000038   -0.000032
   20    3.415462258   10.237687079    6.939920694    0.000013   -0.000039   -0.000033
   21    6.877540833    6.831342375    6.997772367    0.000003    0.000000   -0.000002
   22   13.610782880    6.831294407    7.003040054    0.000031    0.000001   -0.000094
   23   10.246303366    3.478937864    7.020104693    0.000020   -0.000018   -0.000058
   24   10.246327675   10.183634669    7.020134509    0.000020    0.000018   -0.000057
   25   10.245075972   13.662595653   10.330928878   -0.000015    0.000000    0.000001
   26    3.409757954    6.831380318   10.343352137    0.000051    0.000000   -0.000001
   27    6.788750171   10.291784741   10.356171578    0.000006    0.000043    0.000027
   28    6.788950303    3.371105270   10.356463074    0.000007   -0.000043    0.000028
   29    0.043970696    3.362253981   10.358018321    0.000007    0.000052    0.000023
   30    0.043624055   10.300232326   10.358345175    0.000007   -0.000052    0.000021
   31    3.421883789   13.662670118   10.367480656   -0.000114    0.000000    0.000058
   32   10.253304713    6.831406045   10.831321460   -0.000050   -0.000000    0.000048
   33   10.198324656    5.524326057   14.862127040   -0.000026   -0.000057   -0.000014
   34   10.206365622    8.135440631   14.862958971   -0.000024   -0.000085   -0.000054
   35    8.430330855    4.457330415   15.057181660    0.000096    0.000081   -0.000035
   36    8.445148087    9.212758214   15.058089385    0.000003   -0.000007   -0.000019
   37   11.954570946    4.445551714   15.089325628   -0.000048    0.000046   -0.000087
   38   11.969022100    9.202838054   15.090910502    0.000044    0.000023   -0.000070
