512 48 2 2 0
614 48 2 2 0
737 48 2 2 0
884 48 2 2 0
1061 48 2 2 0
1274 48 2 2 0
1528 48 2 2 0
1834 48 2 2 0
2201 48 2 2 0
2641 48 2 2 0
3170 48 2 2 0
3804 48 2 2 0
4565 48 2 2 0
5478 48 2 2 0
6573 48 2 2 0
7888 48 2 2 0
9466 48 2 2 0
11359 48 2 2 0
13631 48 2 2 0
16357 48 2 2 0
19628 48 2 2 0
23554 48 2 2 0
28265 48 2 2 0
-1
512 48 2 2 0
614 48 2 2 0
737 48 2 2 0
884 48 2 2 0
1061 48 2 2 0
1274 48 2 2 0
1528 48 2 2 0
1834 48 2 2 0
2201 48 2 2 0
2641 48 2 2 0
3170 48 2 2 0
3804 48 2 2 0
4565 48 2 2 0
5478 48 2 2 0
6573 48 2 2 0
7888 48 2 2 0
9466 48 2 2 0
11359 48 2 2 0
13631 48 2 2 0
16357 48 2 2 0
19628 48 2 2 0
23554 48 2 2 0
28265 48 2 2 0
-1 0 0 0 0 0
-1 0 0 0 0 0
