 --- primitive lattice vectors ---
  13.6627189232   0.0000000000   0.0000000000
   0.0000000000  13.6627189232   0.0000000000
   0.0000000000   0.0000000000  37.7945198430
 --- Equilibrium position and mass of each atom---
 Natom=   38
     1   0.0000000000   0.0000000000   0.0000000000   115836.56299 Cu  
     2   3.4156797310   3.4156797310   0.0000000000   115836.56299 Cu  
     3   0.0000000000   6.8313594620   0.0000000000   115836.56299 Cu  
     4   3.4156797310  10.2470391920   0.0000000000   115836.56299 Cu  
     5   6.8313594620   0.0000000000   0.0000000000   115836.56299 Cu  
     6  10.2470391920   3.4156797310   0.0000000000   115836.56299 Cu  
     7   6.8313594620   6.8313594620   0.0000000000   115836.56299 Cu  
     8  10.2470391920  10.2470391920   0.0000000000   115836.56299 Cu  
     9  -0.0105539690   3.4250527580   3.4304899660   115836.56299 Cu  
    10   3.4154809680  -0.0000002120   3.4211563700   115836.56299 Cu  
    11  -0.0105785080  10.2376469440   3.4304828490   115836.56299 Cu  
    12   3.4141717960   6.8313588940   3.4381838190   115836.56299 Cu  
    13   6.8407517020   3.4251595990   3.4290711710   115836.56299 Cu  
    14  10.2474426530  -0.0000327840   3.4419435460   115836.56299 Cu  
    15   6.8407549980  10.2375454470   3.4291245390   115836.56299 Cu  
    16  10.2461766780   6.8313499530   3.4215820540   115836.56299 Cu  
    17   6.8461934850   0.0000605030   6.9154060230   115836.56299 Cu  
    18  13.6489730830  13.6626477910   6.9159351950   115836.56299 Cu  
    19   3.4155663480   3.4250299370   6.9399004470   115836.56299 Cu  
    20   3.4154622580  10.2376870790   6.9399206940   115836.56299 Cu  
    21   6.8775408330   6.8313423750   6.9977723670   115836.56299 Cu  
    22  13.6107828800   6.8312944070   7.0030400540   115836.56299 Cu  
    23  10.2463033660   3.4789378640   7.0201046930   115836.56299 Cu  
    24  10.2463276750  10.1836346690   7.0201345090   115836.56299 Cu  
    25  10.2450759720  13.6625956530  10.3309288780   115836.56299 Cu  
    26   3.4097579540   6.8313803180  10.3433521370   115836.56299 Cu  
    27   6.7887501710  10.2917847410  10.3561715780   115836.56299 Cu  
    28   6.7889503030   3.3711052700  10.3564630740   115836.56299 Cu  
    29   0.0439706960   3.3622539810  10.3580183210   115836.56299 Cu  
    30   0.0436240550  10.3002323260  10.3583451750   115836.56299 Cu  
    31   3.4218837890  13.6626701180  10.3674806560   115836.56299 Cu  
    32  10.2533047130   6.8314060450  10.8313214600   115836.56299 Cu  
    33  10.1983246560   5.5243260570  14.8621270400    21894.57964 C   
    34  10.2063656220   8.1354406310  14.8629589710    21894.57964 C   
    35   8.4303308550   4.4573304150  15.0571816600     1837.35098 H   
    36   8.4451480870   9.2127582140  15.0580893850     1837.35098 H   
    37  11.9545709460   4.4455517140  15.0893256280     1837.35098 H   
    38  11.9690221000   9.2028380540  15.0909105020     1837.35098 H   
 --- Vibrational modes ---
 Nmode=   66 Natom=   38
 n=     1 A   IR&R
     hbarW= -0.35629783E-03 Ha = -0.96953570E-02 eV; nu= -0.78198337E+02 cm^-1
    17   0.0002740552 -0.0154933146  0.0004176395
    18  -0.0002885048  0.0140677131 -0.0006558159
    19  -0.0089422074 -0.0007624950  0.0009117510
    20   0.0095544715 -0.0005312709  0.0006015680
    21   0.0001963461 -0.0070791918  0.0000120469
    22   0.0002953727  0.0070100866 -0.0007580245
    23   0.0038757499  0.0004316680  0.0004718257
    24  -0.0042829094  0.0007623610 -0.0001486260
    25  -0.0000904643  0.0010975085  0.0007655567
    26   0.0002490132 -0.0030692444 -0.0002582144
    27   0.0302231380 -0.0238371459  0.0333637965
    28  -0.0290791488 -0.0233273060 -0.0304508386
    29  -0.0315990042  0.0214685862  0.0315258166
    30   0.0313362247  0.0223717427 -0.0322003553
    31   0.0003584917  0.0006866958 -0.0001486801
    32  -0.0004952906 -0.0020474722  0.0009678787
    33   0.5168785550  0.0066098039  0.0065809871
    34  -0.5069243587  0.0096743360 -0.0034978453
    35   0.2730713904 -0.2029791303 -0.0000494526
    36  -0.2718467786 -0.2022949605  0.0035603733
    37   0.2740899824  0.2054958363  0.0079704643
    38  -0.2707076651  0.2089113351 -0.0086172130
 n=     2 A   IR&R
     hbarW= -0.14446718E-04 Ha = -0.39311519E-03 eV; nu= -0.31706881E+01 cm^-1
    17   0.0410782879  0.2388417698  0.0523660941
    18   0.0375345137  0.2390535003  0.0486707806
    19   0.0400809483  0.2381070808  0.0475315106
    20   0.0402520954  0.2382941429  0.0480421298
    21   0.0402659771  0.2369478069  0.0561716517
    22   0.0384129959  0.2366587912  0.0524078100
    23   0.0387153403  0.2375617364  0.0596641177
    24   0.0385347097  0.2348720083  0.0567841722
    25   0.0401816654  0.2333322551  0.0557079523
    26   0.0389220122  0.2377684697  0.0512746353
    27   0.0376717594  0.2395534190  0.0539541670
    28   0.0380503060  0.2376443153  0.0569057673
    29   0.0405317597  0.2380355303  0.0544284536
    30   0.0410240455  0.2388913338  0.0504339015
    31   0.0386290419  0.2390895422  0.0513659760
    32   0.0394499910  0.2452891396  0.0628291312
    33   0.0157632210  0.0900832728  0.0213556980
    34   0.0159744242  0.0898393715  0.0369364376
    35   0.0045127335  0.0258308821  0.0048357437
    36   0.0045997382  0.0257333311  0.0116769065
    37   0.0044661787  0.0256009133  0.0049929425
    38   0.0046206183  0.0257012880  0.0119236200
 n=     3 A   IR&R
     hbarW= -0.80363128E-05 Ha = -0.21867919E-03 eV; nu= -0.17637668E+01 cm^-1
    17  -0.1376976656  0.0670452169 -0.1912503534
    18  -0.1368303419  0.0672030445 -0.1887587755
    19  -0.1376913045  0.0652346976 -0.1912745467
    20  -0.1375396918  0.0688403919 -0.1891221402
    21  -0.1375732710  0.0668238970 -0.1971601101
    22  -0.1364192384  0.0666992031 -0.1967669029
    23  -0.1367512742  0.0656540861 -0.1939992252
    24  -0.1369171641  0.0673326865 -0.1921367499
    25  -0.1373298322  0.0662294843 -0.1930836690
    26  -0.1371047142  0.0661297526 -0.1948901798
    27  -0.1375812726  0.0655764242 -0.1933336767
    28  -0.1368179443  0.0689187094 -0.1943200918
    29  -0.1378324620  0.0696429870 -0.1922221388
    30  -0.1370062050  0.0648441393 -0.1928037584
    31  -0.1373536032  0.0682595536 -0.1891168808
    32  -0.1375864282  0.0685416558 -0.2029416190
    33  -0.0573157881  0.0248451293 -0.0919876270
    34  -0.0595513261  0.0253945398 -0.0881777639
    35  -0.0162600990  0.0065994928 -0.0269259121
    36  -0.0174438282  0.0069055072 -0.0250961462
    37  -0.0162417116  0.0076496377 -0.0272753781
    38  -0.0174181464  0.0075931916 -0.0255465665
 n=     4 A   IR&R
     hbarW= -0.41042892E-05 Ha = -0.11168339E-03 eV; nu= -0.90078739E+00 cm^-1
    17  -0.2005031728  0.0005171328  0.1385691566
    18  -0.2014222195  0.0004526737  0.1429734157
    19  -0.2018000505  0.0013180887  0.1430378886
    20  -0.2018663842  0.0002152138  0.1445039783
    21  -0.2017013876  0.0010562594  0.1415758040
    22  -0.2009488028  0.0010782776  0.1447287300
    23  -0.2003313898  0.0009051728  0.1419271293
    24  -0.2002555249  0.0007812503  0.1435838485
    25  -0.2013044044  0.0009262487  0.1427520323
    26  -0.2011499424  0.0001726862  0.1436495866
    27  -0.2006670399  0.0023691483  0.1428503658
    28  -0.2002553455 -0.0008187563  0.1415448149
    29  -0.2014331782 -0.0005330471  0.1440379123
    30  -0.2010716402  0.0020854825  0.1457220118
    31  -0.2004474440  0.0013359202  0.1413300235
    32  -0.1999779624  0.0009125113  0.1418603006
    33  -0.0899861308  0.0004370957  0.0603028757
    34  -0.0905191451  0.0002254546  0.0608867196
    35  -0.0259638301 -0.0000704535  0.0171609495
    36  -0.0262238023  0.0000770970  0.0175302414
    37  -0.0260087408  0.0003699496  0.0181804182
    38  -0.0262870338  0.0000047600  0.0184353649
 n=     5 A   IR&R
     hbarW=  0.14988450E-03 Ha =  0.40785646E-02 eV; nu=  0.32895846E+02 cm^-1
    17   0.0628368076 -0.0017924324 -0.0270137513
    18   0.0623508628 -0.0012168138  0.0279386050
    19   0.0500711619  0.0023887307 -0.0110988355
    20   0.0506045161 -0.0020312373 -0.0058760834
    21  -0.0159687669  0.0016619915 -0.0775132303
    22  -0.0231426242  0.0008806795  0.0872243955
    23   0.0436235229 -0.0016180061 -0.0036479310
    24   0.0436418959 -0.0001869896  0.0024965616
    25   0.0948080807 -0.0005980239  0.0006940820
    26   0.0134518225 -0.0002053007 -0.0036726232
    27   0.0550998890  0.0330017759 -0.0319159049
    28   0.0539071142 -0.0324846297 -0.0394150512
    29   0.0558797865  0.0302865103  0.0304919234
    30   0.0575649360 -0.0283756622  0.0347203322
    31   0.0338740587  0.0011870990 -0.0064532984
    32   0.0112744115  0.0017008829  0.0074741653
    33  -0.6211184554 -0.0074507733 -0.0050124549
    34  -0.6289916734 -0.0077284576 -0.0012782133
    35  -0.1866181061 -0.0020565121 -0.0549130196
    36  -0.1906386032 -0.0053532167 -0.0519414211
    37  -0.1874746477 -0.0022393668  0.0502424186
    38  -0.1916896455  0.0007644882  0.0525591319
 n=     6 A   IR&R
     hbarW=  0.22824814E-03 Ha =  0.62109477E-02 eV; nu=  0.50094677E+02 cm^-1
    17  -0.0099392388 -0.1280247322  0.0014932929
    18   0.0108759504 -0.1278407607  0.0028703473
    19   0.0019882262 -0.0051293207 -0.2168790258
    20  -0.0009070680 -0.0222869121  0.2322748107
    21   0.0074274901  0.0827458835  0.0060601206
    22  -0.0042568528  0.0809759357  0.0021167240
    23   0.0019917895 -0.0554316629 -0.3991360820
    24  -0.0013772323 -0.0390451793  0.3718150231
    25   0.0015852680 -0.0088089923 -0.0064648267
    26   0.0023825203 -0.2579551294  0.0084872452
    27  -0.1976064747  0.0307068886  0.2313157224
    28   0.2083022394  0.0267934588 -0.2320049445
    29  -0.2050407188  0.0300655387 -0.2295903085
    30   0.1957315386  0.0260630965  0.2291079215
    31  -0.0011754161  0.2944032929  0.0066774155
    32  -0.0016987053  0.1107822481 -0.0037336381
    33   0.0057581353 -0.0401993368 -0.0217124193
    34   0.0058172574 -0.0403227150  0.0214781503
    35   0.0016722938 -0.0125387402 -0.0121637075
    36   0.0018182122 -0.0125254864  0.0130246142
    37   0.0018591685 -0.0126466174 -0.0132694146
    38   0.0016962458 -0.0127281928  0.0119263276
 n=     7 A   IR&R
     hbarW=  0.24033016E-03 Ha =  0.65397162E-02 eV; nu=  0.52746374E+02 cm^-1
    17  -0.2277009823  0.0063793769 -0.1157190958
    18   0.2294139865  0.0080388047 -0.1100466252
    19  -0.0007705721  0.1655725313  0.2885525693
    20  -0.0026991578 -0.1659230792  0.2691926122
    21   0.0651019221 -0.0014745020  0.1857383126
    22  -0.0640837952 -0.0044835560  0.1958082911
    23   0.0018199543 -0.1034884306 -0.3373973926
    24   0.0045330639  0.1114460236 -0.3641269118
    25  -0.0021760079  0.0022732989 -0.2963081152
    26  -0.0014561798  0.0064431850  0.2873965319
    27   0.1526012680  0.0720284089 -0.0120921560
    28   0.1460876465 -0.0691579352  0.0082891002
    29  -0.1431337383 -0.0742519104  0.0159789547
    30  -0.1494335707  0.0764485129 -0.0047262827
    31   0.0050404234 -0.0046560115  0.1257895537
    32   0.0019319355  0.0022809856 -0.1008857032
    33  -0.0019817753  0.0137565863 -0.0285848474
    34  -0.0020265556  0.0132544404 -0.0329955600
    35  -0.0005953216  0.0040280509 -0.0076482972
    36  -0.0006236254  0.0040409978 -0.0103486301
    37  -0.0005650578  0.0040476729 -0.0076044382
    38  -0.0005741619  0.0040810498 -0.0103133464
 n=     8 A   IR&R
     hbarW=  0.24916542E-03 Ha =  0.67801358E-02 eV; nu=  0.54685489E+02 cm^-1
    17  -0.0199127208  0.0010699106 -0.1758686669
    18  -0.0313733542 -0.0010067904  0.1755621843
    19  -0.1270926253 -0.0055927479  0.0012296926
    20  -0.1273705763  0.0067102508  0.0014952944
    21  -0.0617497491  0.0031590343 -0.3541242208
    22  -0.0495552866 -0.0021647918  0.3356567561
    23   0.0651937513  0.0061541602  0.0013963845
    24   0.0663715104 -0.0050649720  0.0034873768
    25  -0.2898348131 -0.0005509669  0.0022872405
    26  -0.0614826410 -0.0015669332 -0.0004013162
    27   0.0220175139 -0.2494607625 -0.2053795920
    28   0.0268806648  0.2534082673 -0.2081220257
    29   0.0213035094 -0.2453939629  0.2047203642
    30   0.0269048044  0.2443565215  0.2034502836
    31   0.3174789306  0.0034242549  0.0023375144
    32   0.2052537506  0.0034624966  0.0080711982
    33   0.0332549438  0.0045909924  0.0029615648
    34   0.0327316645  0.0045860762  0.0023361833
    35   0.0087603032  0.0011396398 -0.0093221586
    36   0.0084837406  0.0013632226 -0.0097916887
    37   0.0085866143  0.0015784923  0.0112114739
    38   0.0082916088  0.0013665738  0.0107744010
 n=     9 A   IR&R
     hbarW=  0.25920401E-03 Ha =  0.70532998E-02 eV; nu=  0.56888705E+02 cm^-1
    17   0.0124538623 -0.0028804696  0.0126191422
    18  -0.0102506165 -0.0059959747  0.0084800906
    19  -0.0003021151 -0.0704634087  0.1814478503
    20   0.0049896871 -0.0320628774 -0.1584293056
    21  -0.0178872918 -0.0737576611 -0.0176144078
    22   0.0186346749 -0.0693552743 -0.0219913136
    23   0.0001310844 -0.0147421326  0.0872269807
    24  -0.0006689222 -0.0398285540 -0.0831288162
    25   0.0031816726 -0.2096856137  0.0041433726
    26   0.0006508744 -0.1713339404 -0.0040261015
    27  -0.2214155635 -0.0327885803 -0.0968174523
    28   0.2253008309 -0.0235595882  0.1034967423
    29  -0.2261622497 -0.0190398380  0.0981018970
    30   0.2226570488 -0.0366833606 -0.1000766351
    31  -0.0019844560  0.1246744249  0.0164819025
    32  -0.0026170128  0.2588352603 -0.0186443770
    33  -0.0129995373  0.4600987018  0.0357804301
    34  -0.0020971739  0.4604791063 -0.0553585888
    35  -0.0051585908  0.1391134765  0.0275361153
    36   0.0006860300  0.1390566109 -0.0335061823
    37  -0.0054163650  0.1348744389  0.0290724694
    38   0.0006203827  0.1352402674 -0.0327862389
 n=    10 A   IR&R
     hbarW=  0.27988000E-03 Ha =  0.76159220E-02 eV; nu=  0.61426560E+02 cm^-1
    17   0.0767023693 -0.0006763971  0.1961056886
    18  -0.0710981598 -0.0008940494  0.1813834795
    19   0.0053781609 -0.2364226400  0.2606703774
    20   0.0038973447  0.2426294216  0.2725110089
    21  -0.2409678484  0.0073663205 -0.2909383420
    22   0.2444792871  0.0076744334 -0.3029505252
    23   0.0006193690  0.1358627010 -0.1230983727
    24   0.0011473104 -0.1289153796 -0.1052979178
    25   0.0082025468  0.0189631582 -0.0255390879
    26  -0.0017357665  0.0166114692 -0.0105433542
    27   0.1011440416 -0.1055091603  0.0157002202
    28   0.0715581496  0.1133146220  0.0005591765
    29  -0.0663510183  0.1139884519 -0.0074920423
    30  -0.0966718858 -0.1059999071  0.0098926926
    31   0.0009332083 -0.0086409581  0.3551889044
    32   0.0044740177 -0.0173044510 -0.2641947413
    33  -0.0088093008 -0.0265074994 -0.1127273643
    34  -0.0096337964 -0.0226551687 -0.1095317523
    35  -0.0025784745 -0.0073759339 -0.0293784742
    36  -0.0030260044 -0.0075333184 -0.0268554875
    37  -0.0025451625 -0.0071473821 -0.0290798570
    38  -0.0029952887 -0.0071315465 -0.0264765027
 n=    11 A   IR&R
     hbarW=  0.28797503E-03 Ha =  0.78361991E-02 eV; nu=  0.63203215E+02 cm^-1
    17   0.0078425799  0.0846946931 -0.0046053675
    18  -0.0091698273  0.0841468131 -0.0204172933
    19   0.0004392668  0.0295363022  0.2179102965
    20   0.0040936508  0.0458296357 -0.2055789494
    21  -0.0158192965 -0.0599759842  0.0101531092
    22   0.0117758592 -0.0585354962  0.0015801607
    23  -0.0018261621 -0.0641359387  0.0592737038
    24  -0.0050846991 -0.0925863832 -0.0605709714
    25  -0.0033675020 -0.2992162195 -0.0105657784
    26  -0.0090158159 -0.0079125244  0.0107734558
    27  -0.1691156902  0.0374592783 -0.1124606426
    28   0.1707652296  0.0411516073  0.1216165310
    29  -0.1729686041  0.0276656827  0.1125875946
    30   0.1705406952  0.0509760926 -0.1253421023
    31   0.0039912049  0.1379509752 -0.0019045441
    32   0.0106650441  0.3778794671  0.0034869958
    33   0.0071520865 -0.4148725355 -0.0843481062
    34  -0.0032462288 -0.4149963490  0.0888110350
    35   0.0033005756 -0.1282047451 -0.0503972396
    36  -0.0022602896 -0.1282511162  0.0518636570
    37   0.0034396789 -0.1246686736 -0.0515036874
    38  -0.0021357846 -0.1249228124  0.0522226284
 n=    12 A   IR&R
     hbarW=  0.30026348E-03 Ha =  0.81705849E-02 eV; nu=  0.65900218E+02 cm^-1
    17  -0.2024314407  0.0089525000  0.1823176604
    18   0.2014663922  0.0000334871  0.3772927633
    19  -0.0324057912  0.1249021522 -0.0464942179
    20  -0.0270805681 -0.1193617475 -0.0746491690
    21   0.3007643810 -0.0060995231 -0.2073274115
    22  -0.2544402567 -0.0007226975 -0.0927176070
    23   0.0379438371 -0.3357911634 -0.0471883979
    24   0.0327553850  0.3297255996 -0.0688731378
    25   0.0218109587 -0.0169299775  0.2247181192
    26   0.1094335292  0.0050092399 -0.2177240518
    27  -0.0176360203 -0.0254578141 -0.0782887299
    28  -0.0047938068  0.0308389506 -0.0571358232
    29  -0.0012179255  0.1812341428  0.0732187938
    30   0.0116409947 -0.1774982128  0.0561345208
    31  -0.0464289683  0.0045302023  0.1674045806
    32  -0.1390315695  0.0212789486 -0.1286602561
    33   0.0220529152 -0.0147206256 -0.0342125397
    34   0.0210025173 -0.0160845002 -0.0271677388
    35   0.0074041983 -0.0052090370 -0.0064067670
    36   0.0068333856 -0.0046634739 -0.0023022332
    37   0.0076270328 -0.0040101112 -0.0167221614
    38   0.0070702365 -0.0050732541 -0.0124641504
 n=    13 A   IR&R
     hbarW=  0.30079501E-03 Ha =  0.81850485E-02 eV; nu=  0.66016875E+02 cm^-1
    17  -0.0691567275 -0.0066770331  0.3773888420
    18   0.0755673998  0.0034208090 -0.1935872427
    19   0.0882190547  0.0455792310 -0.0263846820
    20   0.0850343765 -0.0474046344 -0.0218603064
    21   0.0360286960  0.0015051495  0.1034279018
    22  -0.1640460789 -0.0008501519 -0.2015888857
    23  -0.0983951690 -0.1175523734 -0.0189342917
    24  -0.0955259863  0.1182511849 -0.0179848443
    25  -0.0677847438  0.0023600615  0.0781979490
    26  -0.3195183044 -0.0005211035 -0.0734698845
    27   0.0064339965 -0.2619810322  0.1862362276
    28   0.0033065694  0.2582348449  0.1815432671
    29   0.0146706943 -0.1928055822 -0.1844292919
    30   0.0112920397  0.1933692114 -0.1872046062
    31   0.1380869160 -0.0015872207  0.0557894583
    32   0.4047959036 -0.0041898877 -0.0397178778
    33  -0.0584498976  0.0057308917 -0.0112919139
    34  -0.0574138774  0.0052740240 -0.0132477279
    35  -0.0196490089  0.0030952068 -0.0164055238
    36  -0.0190890275  0.0006927899 -0.0175315658
    37  -0.0198475299  0.0003785310  0.0103417941
    38  -0.0193058800  0.0025876603  0.0091262856
 n=    14 A   IR&R
     hbarW=  0.36472317E-03 Ha =  0.99246221E-02 eV; nu=  0.80047484E+02 cm^-1
    17  -0.0010104990 -0.3538214671  0.0128958051
    18  -0.0000019108  0.3523475164 -0.0097311951
    19   0.3563445483 -0.0002162720 -0.0073957672
    20  -0.3590788899 -0.0012833414  0.0056208427
    21   0.0009776986  0.3495237840 -0.0140362651
    22  -0.0020991422 -0.3540026331  0.0121780228
    23  -0.3503203987 -0.0034259294  0.0080983313
    24   0.3501496746 -0.0001244587 -0.0050826750
    25   0.0082988134 -0.0042589148  0.0030792565
    26   0.0090395404 -0.0032777134 -0.0021414409
    27  -0.0008754393  0.0012605644 -0.0157074501
    28  -0.0012070785 -0.0005135476  0.0130090977
    29   0.0010587985  0.0047014980 -0.0090770923
    30   0.0023442193  0.0001251872  0.0124420224
    31  -0.0070016438  0.0046337590  0.0005221244
    32  -0.0083638389  0.0070519879 -0.0029707050
    33   0.0045674201  0.0007387703 -0.0020338315
    34  -0.0011109676  0.0007958047 -0.0010625008
    35   0.0020629323 -0.0009336344 -0.0000267213
    36  -0.0009240764 -0.0008914739  0.0002537110
    37   0.0020881545  0.0013027771 -0.0013133959
    38  -0.0009202224  0.0012922765 -0.0005267484
 n=    15 A   IR&R
     hbarW=  0.40908744E-03 Ha =  0.11131835E-01 eV; nu=  0.89784317E+02 cm^-1
    17  -0.0015906728  0.0323629153 -0.0010247100
    18   0.0015725652  0.0174989086  0.0011905589
    19  -0.0036543157  0.0158607428 -0.4637455372
    20   0.0025804336  0.0091690239  0.4712117014
    21  -0.0043442328  0.0209279375 -0.0038188009
    22   0.0052620131  0.0326020245 -0.0087938257
    23   0.0057191078  0.0484246060  0.4220600961
    24  -0.0042535161  0.0424817594 -0.4136524020
    25  -0.0009264255 -0.2337006477 -0.0031349415
    26  -0.0011188296 -0.2710100122  0.0087701783
    27   0.0449592396 -0.0190162992  0.0064337907
    28  -0.0477457887 -0.0154266232 -0.0061619121
    29   0.0465469050 -0.0174786947 -0.0123681396
    30  -0.0436289131 -0.0211923272  0.0123734109
    31   0.0007259838  0.1829571711  0.0028515601
    32   0.0009774157  0.1753232068 -0.0088881726
    33   0.0008059392 -0.0194004320 -0.0307747522
    34  -0.0002784592 -0.0193861070  0.0241492150
    35   0.0002102767 -0.0072664377 -0.0168773151
    36  -0.0000699370 -0.0072813082  0.0151989415
    37   0.0005565297 -0.0070399529 -0.0172566275
    38  -0.0003875444 -0.0070642151  0.0153389567
 n=    16 A   IR&R
     hbarW=  0.42990103E-03 Ha =  0.11698202E-01 eV; nu=  0.94352371E+02 cm^-1
    17   0.0293655408 -0.0083658285 -0.4484616032
    18   0.0251535427  0.0053399620  0.4537621705
    19   0.0469892231 -0.0011609626  0.0014780543
    20   0.0225817649  0.0002588518 -0.0036820939
    21   0.0685605323  0.0099058422  0.4320887805
    22   0.0682079647 -0.0090085485 -0.4312084408
    23   0.0385365822 -0.0028302815 -0.0029593057
    24   0.0616317333  0.0018761479 -0.0021701509
    25  -0.2791892385  0.0003913411  0.0053846280
    26  -0.2364264605  0.0021403845 -0.0008021491
    27  -0.0291653703  0.0405548428 -0.0192764636
    28  -0.0293999347 -0.0390103275 -0.0114790339
    29  -0.0315038091  0.0384474999  0.0150770280
    30  -0.0312895128 -0.0383135665  0.0237118136
    31   0.1675340079 -0.0010345442 -0.0037398298
    32   0.1543354154  0.0006950820 -0.0065105476
    33  -0.0366906005  0.0004946868 -0.0010090414
    34  -0.0383631877  0.0001747136 -0.0008776721
    35  -0.0121439346 -0.0000993277 -0.0144942811
    36  -0.0130117338 -0.0003293136 -0.0144977142
    37  -0.0123660390  0.0003480568  0.0134925507
    38  -0.0132634031  0.0005039830  0.0136892281
 n=    17 A   IR&R
     hbarW=  0.44084516E-03 Ha =  0.11996007E-01 eV; nu=  0.96754332E+02 cm^-1
    17   0.0587394835 -0.0024321930  0.2281020370
    18  -0.0724560576 -0.0005263204  0.2286387080
    19  -0.0033626156 -0.1160988385 -0.2011801521
    20  -0.0032085614  0.1167440822 -0.1929733309
    21  -0.0418264852  0.0012487851  0.1235228321
    22   0.0257161475 -0.0018893729  0.1173279604
    23  -0.0086281901  0.0897791196 -0.3373026172
    24  -0.0042870091 -0.0900130889 -0.3533393100
    25   0.0015512959 -0.0044769297 -0.0074632996
    26   0.0019109069 -0.0047072920 -0.1155458273
    27   0.1267972465 -0.0632989291 -0.0777466606
    28   0.1260287124  0.0604463471 -0.0759603229
    29  -0.1245715998  0.0688438758 -0.0789334114
    30  -0.1224334869 -0.0719362179 -0.0824185711
    31  -0.0057863665  0.0020448571  0.0723728619
    32   0.0119718148  0.0011991356  0.4925530728
    33   0.0025418454  0.0065269412  0.2377626454
    34   0.0036754831  0.0004972984  0.2395760918
    35   0.0005413937  0.0013580499  0.0607116867
    36   0.0011205110  0.0011220262  0.0612942992
    37   0.0006203405  0.0009936326  0.0630544986
    38   0.0012067956  0.0006201428  0.0636114003
 n=    18 A   IR&R
     hbarW=  0.46342028E-03 Ha =  0.12610307E-01 eV; nu=  0.10170900E+03 cm^-1
    17  -0.1288268456  0.0003373821 -0.2059920346
    18   0.1293354093  0.0041023201 -0.2019879525
    19   0.0041726161  0.0843531471  0.2376937976
    20  -0.0000476246 -0.0904057588  0.2291346519
    21   0.1000141178  0.0027340271 -0.3280292186
    22  -0.0890270631  0.0045415106 -0.3393207102
    23   0.0012094347  0.0097269591  0.1815961653
    24   0.0014784906  0.0005939451  0.1808139136
    25  -0.0042348813 -0.0018126910 -0.1868083263
    26  -0.0003165275 -0.0080096329 -0.0607531748
    27   0.0551193976 -0.1148711744 -0.0541744008
    28   0.0619132896  0.1057330938 -0.0522253255
    29  -0.0690476667  0.1127515042 -0.0592692163
    30  -0.0636686155 -0.1182653999 -0.0577222820
    31  -0.0053703664 -0.0042260599  0.0158226625
    32  -0.0035503923 -0.0044858024  0.5254592007
    33  -0.0050841576 -0.0031796962  0.1553671953
    34  -0.0035107328  0.0042630850  0.1562314958
    35  -0.0016906741  0.0002621958  0.0471557808
    36  -0.0008755053  0.0006817612  0.0473857174
    37  -0.0020767918 -0.0003174131  0.0507809005
    38  -0.0012410623  0.0000277923  0.0509457156
 n=    19 A   IR&R
     hbarW=  0.50506994E-03 Ha =  0.13743652E-01 eV; nu=  0.11085004E+03 cm^-1
    17  -0.2273235067 -0.0010596130  0.2123353581
    18   0.2242824335 -0.0091110948  0.2136061718
    19  -0.0024548929  0.2155497955 -0.2115373117
    20  -0.0075946459 -0.2212463154 -0.2213126314
    21  -0.1664548887 -0.0075892431 -0.0560076677
    22   0.1641126371 -0.0041263399 -0.0631903556
    23  -0.0024960796  0.1468893504  0.0461559552
    24   0.0029073359 -0.1627699899  0.0523851873
    25   0.0072851071  0.0068831035 -0.3926300632
    26  -0.0050119530  0.0095780137  0.4102900307
    27  -0.1467794989 -0.1426045830 -0.0052577067
    28  -0.1521064698  0.1521941085  0.0142386549
    29   0.1515646911  0.1556719719  0.0054732067
    30   0.1483800867 -0.1456233123  0.0212745714
    31  -0.0056975466 -0.0023290749  0.0021475627
    32   0.0123774363  0.0100719091 -0.0274055374
    33   0.0017278806  0.0033339882  0.0067539697
    34  -0.0008822216 -0.0001663999  0.0078557437
    35   0.0004281521  0.0002876968 -0.0018708259
    36  -0.0009254197 -0.0004161380 -0.0014761228
    37   0.0010719884  0.0012269900 -0.0009740023
    38  -0.0003120349  0.0006321895 -0.0001678887
 n=    20 A   IR&R
     hbarW=  0.50821371E-03 Ha =  0.13829198E-01 eV; nu=  0.11154002E+03 cm^-1
    17  -0.0095890260 -0.1474033221 -0.0025770147
    18   0.0187951645  0.2217776769  0.0032416877
    19  -0.1678175475  0.0301580304 -0.0060187088
    20   0.1774871247  0.0383973119 -0.0146481737
    21   0.0052316971  0.1394465498  0.0062151172
    22   0.0118478834 -0.0836892885 -0.0006164375
    23   0.0936391654  0.0403699534  0.0047891079
    24  -0.0819631923  0.0338585555  0.0069436383
    25  -0.0097509482 -0.0264469636 -0.0213632500
    26  -0.0033460673 -0.0474847789 -0.0028947948
    27  -0.0274178147 -0.0223606629  0.4371555693
    28  -0.0016005861 -0.0245741468 -0.4402795027
    29  -0.0177308774 -0.0396618562  0.4548796662
    30   0.0265793198 -0.0324994084 -0.4564935600
    31   0.0004932659  0.0041933789  0.0336287650
    32  -0.0142749175 -0.0777861016  0.0000346539
    33  -0.0347532275 -0.0078264992  0.0063394989
    34   0.0338309582 -0.0082967526 -0.0046995229
    35  -0.0179016188  0.0108248912 -0.0016826561
    36   0.0178510423  0.0108381273  0.0021962615
    37  -0.0180794118 -0.0147367998  0.0075462772
    38   0.0179668211 -0.0149954596 -0.0084570627
 n=    21 A   IR&R
     hbarW=  0.50961332E-03 Ha =  0.13867284E-01 eV; nu=  0.11184720E+03 cm^-1
    17   0.0156735303 -0.2617128856 -0.0009542962
    18  -0.0032963062 -0.2042374670 -0.0054381323
    19  -0.0225374274 -0.2027567658 -0.0413429799
    20   0.0358661727 -0.2095238137  0.0633320698
    21   0.0116854403 -0.1647171247 -0.0072645581
    22   0.0038026808 -0.1937052098 -0.0023094296
    23   0.0224862291 -0.2538455896  0.0293161079
    24  -0.0115351751 -0.2509187593 -0.0312486486
    25  -0.0095325316  0.1464381980  0.0134727702
    26  -0.0045955241  0.3066661410 -0.0006588441
    27   0.1222914704  0.1798211114  0.1264369154
    28  -0.1179061158  0.1919984553 -0.1228610370
    29   0.1057767558  0.1852692646  0.0125952126
    30  -0.1327635744  0.1874851133 -0.0190564423
    31  -0.0008466702 -0.0217497766 -0.0247703805
    32  -0.0158225476  0.4936092237  0.0070227861
    33  -0.0041967569  0.0605552808 -0.0370294707
    34   0.0045314026  0.0606986387  0.0413999017
    35  -0.0023210447  0.0173789829 -0.0213353876
    36   0.0026408910  0.0173810103  0.0245983598
    37  -0.0019094694  0.0138848109 -0.0215901959
    38   0.0021583879  0.0138708569  0.0216079645
 n=    22 A   IR&R
     hbarW=  0.51444271E-03 Ha =  0.13998698E-01 eV; nu=  0.11290713E+03 cm^-1
    17   0.2634739991  0.0065081926  0.1284639043
    18  -0.0758250967  0.0161391265  0.0678830411
    19   0.1020971529  0.1791412097  0.1096357529
    20   0.1082822843 -0.1629196538  0.0984318130
    21   0.0941839967  0.0131277238 -0.1330040517
    22   0.1409238360  0.0092665085 -0.0570224989
    23   0.0803362063  0.0063785133 -0.0863280945
    24   0.0742529823  0.0246885257 -0.0843631122
    25  -0.1435655965 -0.0055611328  0.3034693611
    26  -0.0629338496 -0.0153816317  0.3058983027
    27   0.0164257194 -0.1697722679  0.0282390544
    28   0.0289621836  0.1520291479  0.0109612762
    29  -0.1941218429  0.0431199813 -0.0309221548
    30  -0.1851828702 -0.0593061381 -0.0556994531
    31  -0.0004333000 -0.0035525161 -0.5670569403
    32  -0.2315769377 -0.0199570328 -0.0381938028
    33  -0.0156395280 -0.0048771090  0.0006391684
    34  -0.0132744260 -0.0041505697 -0.0021412596
    35  -0.0035118058 -0.0009034415  0.0111685821
    36  -0.0023121124 -0.0007288274  0.0099148486
    37  -0.0033288045 -0.0011311476 -0.0076556708
    38  -0.0020551981 -0.0022785249 -0.0094131080
 n=    23 A   IR&R
     hbarW=  0.51589595E-03 Ha =  0.14038243E-01 eV; nu=  0.11322608E+03 cm^-1
    17   0.0883475835  0.0089667493 -0.0073403634
    18   0.2618705830 -0.0056001397 -0.0770419040
    19   0.2239090350 -0.0870834264 -0.0677424493
    20   0.2076831766  0.0898670015 -0.0613236710
    21   0.2215028531 -0.0086170209 -0.0274488891
    22   0.2081511148  0.0042808480  0.1349653273
    23   0.1248273060  0.0091031927  0.0333820108
    24   0.1305814814 -0.0113714244  0.0366240938
    25  -0.2979410358  0.0018792558 -0.1546713406
    26  -0.0972792854 -0.0029401766 -0.1433935708
    27  -0.2097702742 -0.0585330244  0.0622010179
    28  -0.2076075854  0.0541934007  0.1072208868
    29  -0.0989678068 -0.1558877992 -0.0977076740
    30  -0.0999499519  0.1586450446 -0.0616794918
    31   0.0408248126  0.0050396752  0.2951140454
    32  -0.4759266256 -0.0066018887  0.0233587173
    33  -0.0263466895 -0.0000700634  0.0080377295
    34  -0.0290639695 -0.0006599540  0.0064768830
    35  -0.0045534694 -0.0013135526  0.0223057435
    36  -0.0059629882  0.0001637843  0.0210214730
    37  -0.0041968846  0.0009452281 -0.0190544789
    38  -0.0055828875 -0.0000965251 -0.0196063279
 n=    24 A   IR&R
     hbarW=  0.53716060E-03 Ha =  0.14616883E-01 eV; nu=  0.11789313E+03 cm^-1
    17  -0.0113783376 -0.0110394381  0.2416215134
    18  -0.0034091915 -0.0034732567 -0.2527657919
    19  -0.1449764385 -0.0097239204  0.0039431244
    20  -0.1522646226  0.0107985336 -0.0160535907
    21   0.2226196408  0.0045355221  0.1727585793
    22   0.2209951551  0.0188105640 -0.1610584449
    23   0.2984404850  0.0055081387  0.0107541183
    24   0.2918794551  0.0067935435 -0.0061785065
    25   0.0571873970 -0.0105446736 -0.0043133632
    26  -0.1884594476  0.0058681671 -0.0141461261
    27  -0.1099579592 -0.0222752942 -0.2483207387
    28  -0.1022315554  0.0089106844 -0.2666545206
    29  -0.0982996907 -0.0360310504  0.2376375616
    30  -0.1013723590  0.0361964579  0.2689298162
    31  -0.3421749550 -0.0122979336  0.0271897907
    32   0.1869478174  0.0077374282  0.0058000063
    33  -0.0189261997  0.0002935174 -0.0012636450
    34  -0.0206255070  0.0001477643  0.0022966725
    35  -0.0084050025 -0.0003148346 -0.0292328118
    36  -0.0092765332 -0.0003457292 -0.0272846056
    37  -0.0088801993  0.0003071855  0.0271800327
    38  -0.0098052943  0.0003094469  0.0293306351
 n=    25 A   IR&R
     hbarW=  0.54310319E-03 Ha =  0.14778589E-01 eV; nu=  0.11919737E+03 cm^-1
    17   0.0017390695  0.1830467309  0.0091026035
    18  -0.0041471613  0.1741845000 -0.0084685720
    19  -0.0121428391  0.0379988378 -0.2097339462
    20  -0.0042964372  0.0345213056  0.2157418235
    21   0.0084300332 -0.2836299964  0.0027786803
    22   0.0087674407 -0.2870351293 -0.0135898769
    23   0.0110363571 -0.1962309426 -0.1868485790
    24   0.0139900601 -0.1967609311  0.1884077719
    25   0.0040907604  0.1912991606  0.0077124228
    26  -0.0070130769 -0.0785674455  0.0005763461
    27   0.0157356342  0.0787742199 -0.2841785452
    28  -0.0184223824  0.0811221394  0.2596156546
    29   0.0067326009  0.0736801690  0.2811535734
    30  -0.0183443300  0.0701127832 -0.2608444110
    31  -0.0146328965  0.3344558183 -0.0022312534
    32   0.0117316768 -0.2243180175  0.0037927961
    33  -0.0025437267  0.0053407001  0.0452554142
    34  -0.0016772745  0.0054683595 -0.0446404804
    35  -0.0010580057  0.0039424385  0.0238569361
    36  -0.0004666521  0.0039712053 -0.0266465687
    37  -0.0009982715  0.0039259306  0.0269493401
    38  -0.0006218815  0.0039351294 -0.0235034384
 n=    26 A   IR&R
     hbarW=  0.54458007E-03 Ha =  0.14818777E-01 eV; nu=  0.11952151E+03 cm^-1
    17  -0.0022685254 -0.2371834321 -0.0040001641
    18  -0.0021117632  0.2470149130  0.0063569236
    19   0.2694481214 -0.0014532251 -0.0051136359
    20  -0.2707311757 -0.0007445090  0.0016611232
    21  -0.0046509424 -0.2425882869 -0.0004942595
    22  -0.0026514646  0.2367451893  0.0036768600
    23   0.2751315763 -0.0002412194 -0.0034827346
    24  -0.2831518122  0.0006873264  0.0009881163
    25  -0.0020959205  0.0031670278  0.0007061005
    26   0.0057864327 -0.0030799842  0.0026600976
    27  -0.2615386433 -0.2159738404  0.0059029244
    28   0.2660861964 -0.2179312970 -0.0039862177
    29   0.2670888338  0.2165954573  0.0127859178
    30  -0.2601326316  0.2143527785 -0.0187037532
    31   0.0070355266  0.0008897518  0.0015673693
    32  -0.0011322847  0.0000343271 -0.0006555034
    33   0.0018406056  0.0001031222  0.0009677822
    34  -0.0018596605  0.0000195025 -0.0002973597
    35   0.0009248257 -0.0005650979  0.0009258501
    36  -0.0008885608 -0.0005835063 -0.0004074088
    37   0.0009542360  0.0006945440 -0.0001725486
    38  -0.0008988245  0.0006879661 -0.0002153838
 n=    27 A   IR&R
     hbarW=  0.56995301E-03 Ha =  0.15509210E-01 eV; nu=  0.12509023E+03 cm^-1
    17   0.1886905735  0.0558662197  0.0124834120
    18   0.1872184129  0.0707306085 -0.0115163052
    19  -0.0417277731 -0.2863281118 -0.0193464961
    20  -0.0270869643 -0.2792327156  0.0130394433
    21  -0.1627230665 -0.0216647313  0.0425847952
    22  -0.1618984417 -0.0076945266 -0.0397401709
    23   0.0052670056  0.2592282239 -0.0715055955
    24   0.0198546783  0.2640196346  0.0724399695
    25   0.2177195275  0.3414619209  0.0037243771
    26  -0.2329473551 -0.3538534802  0.0019226709
    27   0.0152332557 -0.0222355352 -0.1551410879
    28  -0.0126993822 -0.0139710725  0.0260114926
    29   0.0033331657 -0.0115051827  0.1483498976
    30   0.0111534503  0.0020350858 -0.0357571801
    31   0.1214763379 -0.2066310529  0.0094711015
    32  -0.1621447392  0.2573560084  0.0004078485
    33   0.0294362379 -0.0533148590 -0.0131832112
    34   0.0317975530 -0.0536425378  0.0203530201
    35   0.0096914648 -0.0168934787 -0.0011644751
    36   0.0108723472 -0.0161184830  0.0221309612
    37   0.0098218294 -0.0172147485 -0.0207931799
    38   0.0111655914 -0.0180184132  0.0024858846
 n=    28 A   IR&R
     hbarW=  0.56999914E-03 Ha =  0.15510465E-01 eV; nu=  0.12510035E+03 cm^-1
    17  -0.2944749866  0.0350205125 -0.0143911927
    18  -0.2961271027  0.0454429359  0.0195805166
    19   0.0440446835 -0.1809988460 -0.0118191650
    20   0.0573941470 -0.1809483171  0.0088927647
    21   0.2553533303 -0.0138741832 -0.0594426673
    22   0.2570266833 -0.0045392935  0.0634601413
    23  -0.0229923423  0.1670340289 -0.0466233474
    24  -0.0103970366  0.1673356522  0.0452067289
    25  -0.3394516492  0.2178658452  0.0012048302
    26   0.3637246072 -0.2260174424  0.0017346916
    27   0.0024292204 -0.0039557923  0.0338378652
    28  -0.0193635495 -0.0214654250  0.1487820585
    29  -0.0093900467  0.0072786856 -0.0320035563
    30  -0.0009007809 -0.0102945582 -0.1485275336
    31  -0.1926100916 -0.1325882098 -0.0000468567
    32   0.2561801345  0.1644066984 -0.0076092963
    33  -0.0490959490 -0.0340816883 -0.0134794437
    34  -0.0476400752 -0.0342426555  0.0081643895
    35  -0.0166436434 -0.0099251660 -0.0238988818
    36  -0.0158938637 -0.0111291156 -0.0088169306
    37  -0.0169325106 -0.0117754672  0.0073223037
    38  -0.0161122974 -0.0106988363  0.0223565062
 n=    29 A   IR&R
     hbarW=  0.58210852E-03 Ha =  0.15839978E-01 eV; nu=  0.12775806E+03 cm^-1
    17  -0.0010997493 -0.2605009063 -0.0061792821
    18  -0.0002618238  0.2535702768 -0.0036500883
    19  -0.2141041698  0.0139137773 -0.0037085466
    20   0.2089618443  0.0135231294  0.0004472861
    21  -0.0066386272 -0.2496589032 -0.0002000418
    22   0.0018848530  0.2496655513 -0.0022855781
    23  -0.2033298192 -0.0158211841  0.0027976421
    24   0.2022864996 -0.0064929961 -0.0014481447
    25  -0.0009066367 -0.0141835317  0.0188540036
    26   0.0018197155  0.0153422846  0.0189128941
    27   0.2438417881 -0.2789057673 -0.0509239983
    28  -0.2437064668 -0.2828103441  0.0288645417
    29  -0.2413685714  0.2802756578 -0.0572871624
    30   0.2497191696  0.2840676178  0.0393154603
    31   0.0072354426  0.0117920114  0.0132891300
    32  -0.0054551521 -0.0140308100 -0.0003980707
    33  -0.0316962602  0.0013154014  0.0040232174
    34   0.0326993046  0.0006625224  0.0025074901
    35  -0.0175712273  0.0137132640 -0.0019676233
    36   0.0180342304  0.0136818640  0.0033151509
    37  -0.0176476483 -0.0128275388  0.0036376726
    38   0.0180627537 -0.0131059669 -0.0032263569
 n=    30 A   IR&R
     hbarW=  0.58978211E-03 Ha =  0.16048787E-01 eV; nu=  0.12944221E+03 cm^-1
    17   0.0219998016 -0.0090186186  0.1080863219
    18  -0.0085893218  0.0154767489  0.1036909175
    19  -0.0064945078 -0.0008185939  0.0420641488
    20   0.0102968647 -0.0008148145  0.0471475222
    21   0.1050204856 -0.0100898059  0.0155933921
    22  -0.1010356387  0.0099029186  0.0180642710
    23  -0.0034278725  0.1094719313 -0.0422933641
    24   0.0091996748 -0.1002195806 -0.0409262043
    25   0.0018560373  0.0026070806 -0.4478117437
    26  -0.0046868557 -0.0055946328 -0.4697129115
    27   0.0571958197 -0.0653257693  0.2837130164
    28   0.0430297570  0.0391186894  0.2863772209
    29  -0.0673511809  0.0538592104  0.2934674047
    30  -0.0473566246 -0.0343388604  0.2867221774
    31  -0.0030207580  0.0002826839 -0.3714639102
    32  -0.0013764463  0.0017746634 -0.0377492695
    33  -0.0001179581 -0.0078438879 -0.0743164839
    34   0.0030076593  0.0021383355 -0.0745171807
    35  -0.0001088380 -0.0006451927 -0.0108937606
    36   0.0015760879  0.0001878101 -0.0105198995
    37  -0.0008374259 -0.0019568320 -0.0119763983
    38   0.0008700532 -0.0010284326 -0.0120906662
 n=    31 A   IR&R
     hbarW=  0.64961497E-03 Ha =  0.17676922E-01 eV; nu=  0.14257401E+03 cm^-1
    17  -0.2589597617  0.0165897624  0.1536555753
    18  -0.2684898995  0.0112319219 -0.1546648031
    19  -0.2449654392  0.0143205355 -0.0078067249
    20  -0.2478827700  0.0119894232  0.0081178831
    21   0.0837097319 -0.0018214341  0.2329746606
    22   0.0802297420 -0.0063443428 -0.2325548814
    23   0.0900834073 -0.0071267405 -0.0180591101
    24   0.0892743213 -0.0037903490  0.0089134926
    25  -0.0386521470 -0.0115373269 -0.0029567330
    26   0.1494859771  0.0038042924  0.0028366631
    27   0.1595843104 -0.0904746450  0.0028075893
    28   0.1519461833  0.0821318406  0.0027324196
    29   0.1664541085 -0.0837169988  0.0020423072
    30   0.1556168988  0.0604344578  0.0043006253
    31   0.4326214754 -0.0245999711 -0.0073113312
    32  -0.4560467892  0.0224848307 -0.0010890097
    33  -0.0483367467  0.0043804009  0.0046806970
    34  -0.0486677033  0.0041101092  0.0080676582
    35  -0.0119794537  0.0004354940  0.0144086706
    36  -0.0121243412  0.0017869900  0.0162324362
    37  -0.0116680650  0.0019690200 -0.0130570953
    38  -0.0118731435  0.0004697716 -0.0111962526
 n=    32 A   IR&R
     hbarW=  0.65377620E-03 Ha =  0.17790155E-01 eV; nu=  0.14348729E+03 cm^-1
    17   0.0121521666  0.2671187477 -0.0115942496
    18   0.0171764977  0.2611938270  0.0056215186
    19   0.0128712034  0.2412335553 -0.1517957152
    20   0.0150813599  0.2443084802  0.1490086557
    21  -0.0067146540 -0.0792633796 -0.0142846399
    22  -0.0014648571 -0.0850713800  0.0105089056
    23  -0.0064690541 -0.0844925201 -0.2400221810
    24  -0.0028297392 -0.0822284708  0.2375580196
    25   0.0007978184 -0.2055778073  0.0027032825
    26  -0.0089773862  0.0547192609  0.0003343936
    27   0.0766559550 -0.1478475216  0.0147737798
    28  -0.0900497772 -0.1545718163 -0.0110363507
    29   0.0713148226 -0.1411772393 -0.0135145277
    30  -0.0922268241 -0.1516840229  0.0165200250
    31  -0.0237573367 -0.4432401154  0.0027450748
    32   0.0240078654  0.4209309570  0.0002228314
    33   0.0035539757  0.0776849171 -0.0307590814
    34   0.0020250460  0.0775787252  0.0335555617
    35   0.0007490018  0.0211992624 -0.0179029428
    36   0.0006333516  0.0210540267  0.0173948634
    37   0.0014411889  0.0214293001 -0.0167992781
    38  -0.0000973820  0.0215821410  0.0187685020
 n=    33 A   IR&R
     hbarW=  0.67622297E-03 Ha =  0.18400963E-01 eV; nu=  0.14841379E+03 cm^-1
    17   0.2344054154  0.0021668405 -0.1200635137
    18  -0.2319359602  0.0015279279 -0.1145686255
    19   0.0025186011 -0.2196959425  0.1062144293
    20   0.0038133589  0.2218522620  0.1084960330
    21   0.1874108576 -0.0010410212  0.1272008195
    22  -0.1835824016 -0.0016724119  0.1320373522
    23  -0.0008400926 -0.1828763607 -0.1163470381
    24  -0.0008127261  0.1797488873 -0.1174154914
    25   0.0069878595 -0.0016066007 -0.1947312176
    26  -0.0050990378  0.0001791119  0.1850772088
    27  -0.2311483165 -0.2565055061 -0.0035344191
    28  -0.2326772367  0.2581582886 -0.0053708095
    29   0.2248508490  0.2596948724 -0.0038792340
    30   0.2237174178 -0.2583751544 -0.0021644041
    31  -0.0074435811  0.0009984184  0.0034724055
    32   0.0091972330 -0.0017364930  0.0158184797
    33  -0.0001042497  0.0012628426  0.0066637012
    34  -0.0004421860  0.0006334052  0.0065363340
    35  -0.0004025615  0.0006579737  0.0003897129
    36  -0.0005694751 -0.0002047785  0.0002694671
    37   0.0002257862  0.0007546413  0.0019137206
    38   0.0000462524 -0.0000504385  0.0017688998
 n=    34 A   IR&R
     hbarW=  0.72403062E-03 Ha =  0.19701875E-01 eV; nu=  0.15890636E+03 cm^-1
    17  -0.2474051826 -0.0034543063 -0.1938845994
    18   0.2583606234 -0.0012381596 -0.1994665738
    19  -0.0023003296 -0.2546738505 -0.1655397573
    20  -0.0022430913  0.2494892722 -0.1668991583
    21  -0.2984406612  0.0015071504  0.0067166675
    22   0.2864169738  0.0020938807  0.0038243740
    23   0.0029166205 -0.2922981452  0.0290172433
    24   0.0027436010  0.2887739508  0.0251361215
    25  -0.0051863855  0.0022929145  0.0940632586
    26   0.0089641735 -0.0042982715  0.0708095021
    27   0.1158522361 -0.1111213282  0.1505458124
    28   0.1166836856  0.1186709538  0.1514310467
    29  -0.1173983265  0.1149343422  0.1513256318
    30  -0.1182974454 -0.1145928339  0.1497480822
    31  -0.0048066731  0.0027562391 -0.1559466193
    32   0.0032912807 -0.0037803009 -0.0689129185
    33  -0.0024192347  0.0046550302  0.1146293803
    34  -0.0018556503 -0.0057466463  0.1148632942
    35  -0.0010167660  0.0006912321  0.0259938212
    36  -0.0007207215 -0.0007589728  0.0259699472
    37  -0.0004685640  0.0004670985  0.0266171343
    38  -0.0001561598 -0.0009945373  0.0266013324
 n=    35 A   IR&R
     hbarW=  0.75517204E-03 Ha =  0.20549276E-01 eV; nu=  0.16574111E+03 cm^-1
    17  -0.2233097583 -0.0023817682 -0.1022789757
    18  -0.3371740683 -0.0003411186  0.0051257223
    19   0.2678638386  0.0314385833 -0.0330650425
    20   0.2663957885 -0.0328245303 -0.0342517934
    21   0.0269558013  0.0033348906 -0.2649900717
    22   0.0494063622  0.0051767204 -0.1443378352
    23  -0.0227903699 -0.0386550305 -0.1741735992
    24  -0.0239748090  0.0293849404 -0.1753789452
    25   0.1223010604  0.0002369844  0.0561071673
    26  -0.3861725808 -0.0050030172  0.0912580112
    27   0.0179621412  0.1064260603  0.0740899345
    28   0.0168297084 -0.1007983419  0.0766737580
    29   0.2405096465 -0.1331095050  0.2107972522
    30   0.2390256829  0.1351342343  0.2081145733
    31  -0.1421365360 -0.0020125574  0.0406250995
    32  -0.1375650262 -0.0014260696  0.0468849498
    33   0.0206300931  0.0053017618  0.1109442023
    34   0.0215833363 -0.0031723188  0.1121366077
    35   0.0073688021  0.0006430924  0.0387078321
    36   0.0078716583  0.0003504629  0.0390235199
    37   0.0082192617  0.0007507521  0.0114311170
    38   0.0087481981 -0.0005260090  0.0117041372
 n=    36 A   IR&R
     hbarW=  0.75648410E-03 Ha =  0.20584979E-01 eV; nu=  0.16602907E+03 cm^-1
    17   0.2985653544 -0.0006105537 -0.0146160222
    18   0.1556542785  0.0012928244 -0.1015679215
    19  -0.2121867319  0.0461691860 -0.0324860780
    20  -0.2120829889 -0.0518212639 -0.0347158701
    21  -0.0456598322  0.0046169624 -0.2030491127
    22  -0.0175884693  0.0061012831 -0.2963659619
    23   0.0138052915 -0.0404059987 -0.2240170228
    24   0.0146384592  0.0294539580 -0.2246577557
    25  -0.0981720271 -0.0028252300  0.0777402919
    26   0.3125858017 -0.0048825793  0.1045270559
    27  -0.2514893202  0.1650413710  0.2267266161
    28  -0.2509558220 -0.1538263466  0.2278823591
    29   0.0451399887 -0.1310819359  0.1192077442
    30   0.0419862410  0.1329104236  0.1184541205
    31   0.1101271219 -0.0045277804  0.0517355369
    32   0.1108836329 -0.0022549652  0.0602975778
    33  -0.0191811102  0.0064282461  0.1337158027
    34  -0.0187314855 -0.0039901247  0.1354753842
    35  -0.0074004636  0.0011457436  0.0182343444
    36  -0.0071554890 -0.0002225964  0.0187416031
    37  -0.0068578035  0.0005955236  0.0420625747
    38  -0.0066238729 -0.0000639762  0.0426755770
 n=    37 A   IR&R
     hbarW=  0.75988780E-03 Ha =  0.20677599E-01 eV; nu=  0.16677610E+03 cm^-1
    17  -0.0025091288  0.3544414276 -0.0007943410
    18   0.0009147434  0.3453103206 -0.0007560556
    19   0.0038232948 -0.3690865438 -0.0541303146
    20  -0.0003761405 -0.3751782257  0.0487088536
    21  -0.0022074498 -0.0558834940  0.0021975826
    22   0.0002281378 -0.0627831378  0.0025781137
    23   0.0009241814  0.0536683332 -0.0455804873
    24   0.0001096989  0.0463668990  0.0431456994
    25  -0.0017127444 -0.4421660196  0.0039195050
    26  -0.0023199693  0.1608667264 -0.0035111993
    27  -0.0271528424  0.1637440289  0.1063305982
    28   0.0305243891  0.1686707067 -0.1054508135
    29  -0.0310822017  0.1776509997 -0.1027824851
    30   0.0325961824  0.1714723081  0.1055314607
    31  -0.0007700935 -0.1288744694  0.0029362518
    32  -0.0010413116 -0.2296884598 -0.0007859329
    33   0.0001513385  0.0237938724  0.0096181219
    34   0.0002571181  0.0238958001 -0.0119278858
    35   0.0000325884  0.0079773239  0.0082952254
    36   0.0001246090  0.0079855501 -0.0086154693
    37   0.0000027533  0.0080078359  0.0082735169
    38   0.0001194562  0.0080589473 -0.0089912430
 n=    38 A   IR&R
     hbarW=  0.78362850E-03 Ha =  0.21323616E-01 eV; nu=  0.17198658E+03 cm^-1
    17  -0.0013066898  0.2607690837 -0.0022713511
    18  -0.0016150613 -0.2661824713 -0.0009908112
    19  -0.2158011630 -0.0004587906 -0.0032861064
    20   0.2077671920 -0.0000208980  0.0015414258
    21   0.0025395004  0.2469055213 -0.0030380253
    22   0.0032593417 -0.2857670672 -0.0011078739
    23  -0.2109979735  0.0163140672  0.0036678414
    24   0.2165356141  0.0178813427 -0.0049007090
    25   0.0057982439  0.0108425198  0.0007450257
    26  -0.0041163732  0.0203792872  0.0008580110
    27  -0.2355962101 -0.2932948161  0.0159422360
    28   0.2344773442 -0.2934634806 -0.0079867531
    29   0.2250858929  0.2736284838  0.0037835698
    30  -0.2265760689  0.2753731660 -0.0047028678
    31   0.0005729864  0.0171182501  0.0003657818
    32   0.0003212978  0.0025277474  0.0004923946
    33   0.0053494776 -0.0023771787  0.0005528264
    34  -0.0056979234 -0.0023676506  0.0010623263
    35   0.0029006437 -0.0029220681  0.0002230823
    36  -0.0030278255 -0.0029391594  0.0002943184
    37   0.0028919453  0.0014463980 -0.0002448338
    38  -0.0029970021  0.0014794639  0.0006841646
 n=    39 A   IR&R
     hbarW=  0.80136973E-03 Ha =  0.21806379E-01 eV; nu=  0.17588033E+03 cm^-1
    17   0.0083586428  0.0877059414  0.0215554662
    18   0.0131759003  0.0518813155 -0.0141603880
    19   0.0093872587  0.0458471701  0.1003012424
    20   0.0171955625  0.0466513979 -0.0905497587
    21  -0.0649733679  0.3097538410  0.0148458190
    22  -0.0683030539  0.2741953693 -0.0013870831
    23   0.0458406225 -0.3618786700  0.0368440723
    24   0.0536676277 -0.3683681496 -0.0292075353
    25  -0.0948520249  0.0149764827 -0.0018041847
    26   0.0088645835 -0.5213669178 -0.0074285194
    27   0.0869354696  0.1701017514 -0.0197605292
    28  -0.0225337574  0.1554606522  0.0114793611
    29   0.0972044427  0.2123244141  0.0116269215
    30  -0.0331067071  0.1903964463 -0.0235457147
    31  -0.0509677000 -0.2626477574 -0.0033657556
    32  -0.0093082328 -0.0602544356 -0.0027725234
    33   0.0022576846  0.0155085704  0.0065972302
    34   0.0034558665  0.0156371764 -0.0115178033
    35   0.0006024962  0.0055198600  0.0071822049
    36   0.0016121083  0.0055691642 -0.0038806273
    37   0.0009554822  0.0051335463  0.0028627095
    38   0.0013093664  0.0051056583 -0.0085568168
 n=    40 A   IR&R
     hbarW=  0.80187305E-03 Ha =  0.21820075E-01 eV; nu=  0.17599079E+03 cm^-1
    17  -0.0556940684  0.0162252405 -0.1070998881
    18  -0.0635135095  0.0102713872  0.0945632862
    19  -0.0713762170  0.0079005109  0.0039711382
    20  -0.0768391263  0.0060594347 -0.0295927599
    21   0.3722440194  0.0555161370 -0.0473751555
    22   0.3640049452  0.0508517608  0.0458780960
    23  -0.2726922243 -0.0648856009  0.0082481729
    24  -0.2762834925 -0.0668708741 -0.0028653178
    25   0.5292164866  0.0002806752  0.0025463304
    26  -0.0494526991 -0.0930285030  0.0068670268
    27  -0.1535873551 -0.0247713968 -0.0043686833
    28  -0.1797668769  0.0842702212  0.0009434837
    29  -0.1812310016 -0.0129573042  0.0140507082
    30  -0.1991439508  0.0868163316  0.0068077409
    31   0.2788318703 -0.0480985575  0.0109657204
    32   0.0519659670 -0.0109207241 -0.0033695991
    33  -0.0151689154  0.0029970879  0.0010902635
    34  -0.0147846006  0.0029130330 -0.0018905180
    35  -0.0059773036  0.0012152575 -0.0115802273
    36  -0.0056857412  0.0009510994 -0.0133809082
    37  -0.0061291260  0.0008203894  0.0132265368
    38  -0.0059775613  0.0010375016  0.0112759012
 n=    41 A   IR&R
     hbarW=  0.81591468E-03 Ha =  0.22202167E-01 eV; nu=  0.17907258E+03 cm^-1
    17   0.0054067102 -0.2524207008 -0.0070770205
    18  -0.0064010519  0.2621612536 -0.0052800519
    19  -0.3093787566  0.0038951168 -0.0054190236
    20   0.3130976048 -0.0079241026 -0.0081171753
    21   0.0073952904 -0.1995118167  0.0001443040
    22  -0.0039941161  0.2142487504  0.0011486597
    23  -0.2668195629 -0.0022130895  0.0000933877
    24   0.2600040653 -0.0126892822  0.0030233998
    25   0.0012530418 -0.0082718536  0.0019405897
    26   0.0001840448 -0.0122998744  0.0027699234
    27  -0.2485820340  0.2058558311 -0.0580845427
    28   0.2591763128  0.2154670349  0.0610698674
    29   0.2529034581 -0.1936984305 -0.0567960194
    30  -0.2663602757 -0.2039021425  0.0645432137
    31   0.0026831151 -0.0079541687  0.0120064238
    32   0.0000928392 -0.0014334539 -0.0041456100
    33   0.0217405587  0.0005125047 -0.0018380160
    34  -0.0224959405  0.0007004911 -0.0019156621
    35   0.0122579564 -0.0089134162  0.0038610452
    36  -0.0125674963 -0.0088985199 -0.0048172185
    37   0.0123640903  0.0091959090 -0.0042940734
    38  -0.0126064829  0.0093390505  0.0036029432
 n=    42 A   IR&R
     hbarW=  0.82118962E-03 Ha =  0.22345706E-01 eV; nu=  0.18023029E+03 cm^-1
    17  -0.2168348177 -0.0055248598  0.2154779811
    18   0.2057175245  0.0077308978  0.2268554094
    19  -0.0124349735 -0.1814983524  0.2456153692
    20   0.0059020540  0.1795503129  0.2532288326
    21  -0.1622569327 -0.0040445876  0.0211755740
    22   0.1899133641  0.0085194796  0.0278522037
    23  -0.0136670589 -0.1361310384 -0.0335532415
    24   0.0039254518  0.1392694685 -0.0279272894
    25   0.0189765237 -0.0075536712 -0.0453148721
    26  -0.0070287841  0.0032627105 -0.1232083990
    27  -0.2095605778  0.1494411472 -0.1320491069
    28  -0.1950913487 -0.1362878838 -0.1249663817
    29   0.2006302459 -0.1529390739 -0.1346723126
    30   0.1848681788  0.1448376409 -0.1353275057
    31   0.0092705475 -0.0014304729 -0.3936058840
    32  -0.0022708554 -0.0004928319  0.1843068465
    33   0.0011011643 -0.0021477960 -0.0244358070
    34  -0.0001981028  0.0053866431 -0.0238312606
    35   0.0006563161 -0.0003416756 -0.0032149112
    36  -0.0000753865  0.0007554790 -0.0033576162
    37   0.0000821604  0.0001905092 -0.0019467093
    38  -0.0006579600  0.0012964726 -0.0016215298
 n=    43 A   IR&R
     hbarW=  0.83775685E-03 Ha =  0.22796523E-01 eV; nu=  0.18386638E+03 cm^-1
    17   0.0126433397 -0.2347687162  0.0081591402
    18  -0.0103109632 -0.2472310187  0.0073634293
    19  -0.0033048513 -0.1289836857 -0.1449809566
    20   0.0021636527 -0.1083531564  0.1283069889
    21   0.0101696277  0.3581212321 -0.0055364757
    22  -0.0111338829  0.3482676818 -0.0055066785
    23  -0.0025543845  0.0581476608 -0.1966732531
    24   0.0038332541  0.0787966869  0.2192975684
    25  -0.0014825211 -0.3791810490 -0.0249782414
    26   0.0006398552  0.2012281487  0.0220109241
    27   0.0668728936  0.0056326064 -0.2607342587
    28  -0.0454190046 -0.0074862289  0.2570523276
    29   0.0511845140  0.0024387989  0.2586819631
    30  -0.0710431528  0.0166881200 -0.2613375980
    31  -0.0028671517 -0.0158910227  0.0005764166
    32  -0.0001742651  0.0304126940 -0.0019346362
    33   0.0004803042  0.0182197151  0.0036255347
    34  -0.0001150467  0.0181104702 -0.0033616946
    35   0.0001066194  0.0054284180  0.0039825709
    36  -0.0000101092  0.0053896320 -0.0039218513
    37   0.0002471581  0.0056365039  0.0037590472
    38  -0.0001271855  0.0056495452 -0.0039722584
 n=    44 A   IR&R
     hbarW=  0.84280353E-03 Ha =  0.22933850E-01 eV; nu=  0.18497400E+03 cm^-1
    17   0.0150997584  0.0039119091 -0.0195167674
    18  -0.1502210197  0.0131766593  0.2024314049
    19  -0.2364088169 -0.1062700810 -0.0616848937
    20  -0.2370969623  0.1113155413 -0.0696980637
    21   0.1220516188 -0.0132244080 -0.2442473542
    22  -0.0513235328 -0.0071045020  0.0963536899
    23   0.3180461874 -0.1086403050  0.0913125540
    24   0.3166360832  0.1053086922  0.0814044003
    25   0.1310212267  0.0071663353 -0.2067418142
    26  -0.2909137037 -0.0065173242  0.1911890105
    27   0.0818978244  0.1473335888  0.2271016982
    28   0.0824138336 -0.1390586327  0.2115964602
    29  -0.0778539449 -0.0303205547 -0.2483390965
    30  -0.0718096673  0.0270107643 -0.2316103839
    31  -0.0167839907 -0.0012179210 -0.0226020655
    32   0.0604169355 -0.0020090376  0.0039588345
    33   0.0074509966 -0.0002724948 -0.0016386387
    34   0.0077517076 -0.0003524561 -0.0012768696
    35   0.0027594925  0.0003351556  0.0087582460
    36   0.0028959204 -0.0004225364  0.0089616928
    37   0.0029766448 -0.0005458919 -0.0101685573
    38   0.0031445403  0.0002366607 -0.0099499119
 n=    45 A   IR&R
     hbarW=  0.84382761E-03 Ha =  0.22961717E-01 eV; nu=  0.18519876E+03 cm^-1
    17   0.1807872504  0.0155496123  0.2299904163
    18  -0.0894321952  0.0131133537  0.0893778858
    19   0.1351914146 -0.1803224998 -0.0950215728
    20   0.1361702390  0.1886390690 -0.1062755333
    21   0.1196506503 -0.0169289806 -0.0183943694
    22  -0.1713611327 -0.0200410486 -0.2233229441
    23  -0.1869213567 -0.1843512253  0.1555359948
    24  -0.1847220150  0.1762788560  0.1371188953
    25  -0.0898211747  0.0135585835 -0.3505518934
    26   0.1831075049 -0.0095421737  0.3216876334
    27   0.1220292980  0.1148212551 -0.1466109680
    28   0.1281093049 -0.1126590052 -0.1718852644
    29  -0.1314088537 -0.1732082830  0.0965923798
    30  -0.1284069794  0.1795374644  0.1231657725
    31   0.0154818458 -0.0013776291 -0.0492027036
    32  -0.0347897388 -0.0030833768  0.0030052849
    33  -0.0043013876  0.0002880362  0.0051689746
    34  -0.0045630107 -0.0008155707  0.0054926713
    35  -0.0016807246 -0.0002996536 -0.0054672379
    36  -0.0018172385  0.0000504523 -0.0051771249
    37  -0.0016214128  0.0002624411  0.0059274221
    38  -0.0017651725 -0.0003114943  0.0062250015
 n=    46 A   IR&R
     hbarW=  0.89312882E-03 Ha =  0.24303271E-01 eV; nu=  0.19601912E+03 cm^-1
    17  -0.0312677748 -0.0016718217 -0.0446780361
    18   0.0264364665 -0.0023588684 -0.0521019817
    19   0.0053777010 -0.0367755902 -0.1055441201
    20   0.0044503778  0.0392588800 -0.1064949487
    21  -0.0175352151  0.0007519167 -0.0375287098
    22   0.0129164248 -0.0001858767 -0.0426454478
    23   0.0024066031 -0.0268009068 -0.0814010607
    24   0.0000904690  0.0305296930 -0.0806843476
    25  -0.0059174254 -0.0007205613  0.1130607540
    26   0.0040685544 -0.0040388282  0.1293546652
    27   0.0126225435  0.0017047959  0.0695766912
    28   0.0083999441  0.0010959294  0.0689475491
    29  -0.0108546834  0.0098011243  0.0759874349
    30  -0.0110178667 -0.0042390582  0.0746135286
    31   0.0106571999 -0.0016426577  0.0473788083
    32  -0.0056451393  0.0031545941  0.5047051475
    33   0.0058963448 -0.0355572186 -0.5421356177
    34   0.0049773379  0.0308048898 -0.5494323671
    35   0.0034683539 -0.0037163146 -0.1009961620
    36   0.0028802312  0.0019203388 -0.1037876317
    37  -0.0005134124 -0.0034720421 -0.1044362522
    38  -0.0011250751  0.0026501982 -0.1070171433
 n=    47 A   IR&R
     hbarW=  0.93339873E-03 Ha =  0.25399071E-01 eV; nu=  0.20485735E+03 cm^-1
    17  -0.0721551151  0.0006787685  0.2278733885
    18  -0.0672565087 -0.0011489102 -0.2288215731
    19   0.0887195480 -0.0010524218  0.0028148032
    20   0.0906432286 -0.0002763234  0.0020605622
    21   0.0266016736  0.0034376422 -0.1128915094
    22   0.0278405011 -0.0002994960  0.1148672842
    23   0.0005746973  0.0009407297  0.0001032505
    24  -0.0025801112 -0.0022058490  0.0008863178
    25  -0.2572023225 -0.0002119417  0.0000163016
    26  -0.2305834496 -0.0000983717 -0.0040721488
    27  -0.0755834208  0.3077162525 -0.0620754368
    28  -0.0777506789 -0.3098010059 -0.0605339930
    29  -0.0728989119  0.3112666109  0.0626139285
    30  -0.0745734334 -0.3117376637  0.0623538983
    31   0.5255142584  0.0017295955 -0.0048096930
    32   0.1501703148  0.0008153683 -0.0073745239
    33   0.0211053675  0.0007008394  0.0068308031
    34   0.0208650595 -0.0003604268  0.0071895323
    35   0.0049758764 -0.0001071162 -0.0103386126
    36   0.0048571842  0.0001066068 -0.0101921565
    37   0.0048353778  0.0002979896  0.0125741360
    38   0.0046976442 -0.0001074511  0.0127877649
 n=    48 A   IR&R
     hbarW=  0.93715318E-03 Ha =  0.25501235E-01 eV; nu=  0.20568135E+03 cm^-1
    17   0.0003948553 -0.0741056538 -0.0000124826
    18   0.0001365659 -0.0734563323 -0.0012330637
    19  -0.0012147719  0.0663153522 -0.2322330413
    20   0.0007812328  0.0678843279  0.2328174365
    21   0.0010715063  0.0129762601 -0.0004992188
    22   0.0001190379  0.0145849469  0.0006152479
    23  -0.0011642768 -0.0471598645  0.1159463335
    24   0.0003599376 -0.0469561254 -0.1158377558
    25  -0.0010185643  0.2333549041  0.0005183486
    26  -0.0013416790  0.2565957069  0.0010777675
    27  -0.3081693641  0.0744077891 -0.0639984984
    28   0.3090647106  0.0732293406  0.0635091678
    29  -0.3073446887  0.0719303475  0.0634791154
    30   0.3065267036  0.0693020546 -0.0634702958
    31   0.0008100035 -0.5268024793  0.0007538813
    32   0.0003637217 -0.1262138939 -0.0002854274
    33  -0.0001321190 -0.0414579653  0.0470407648
    34  -0.0000025393 -0.0413971264 -0.0480762731
    35   0.0002964411 -0.0107894332  0.0229444332
    36  -0.0003430537 -0.0107479870 -0.0234484326
    37  -0.0003667447 -0.0104689725  0.0231782937
    38   0.0003565145 -0.0104951331 -0.0233412194
 n=    49 A   IR&R
     hbarW=  0.97533987E-03 Ha =  0.26540348E-01 eV; nu=  0.21406236E+03 cm^-1
    17  -0.0195930556  0.2441959835 -0.0020346755
    18  -0.0167763309  0.2419135334  0.0047002555
    19   0.0203487556 -0.2426972784 -0.0274175313
    20   0.0173492626 -0.2373488723  0.0247287397
    21  -0.0187697860  0.2860803483  0.0051980860
    22  -0.0230573454  0.2923523167 -0.0051680156
    23   0.0187772230 -0.2695376934  0.0691046882
    24   0.0270762710 -0.2709218782 -0.0693654928
    25   0.0221393584  0.2995821524  0.0008090764
    26   0.0230834682  0.2699851682  0.0036271708
    27  -0.0664550121 -0.2321515479  0.0098721896
    28   0.0318678306 -0.2228152438 -0.0105087098
    29  -0.0671799865 -0.2353142770 -0.0088430500
    30   0.0323944103 -0.2239355585  0.0081126215
    31   0.0143406176  0.2149822621 -0.0015848274
    32   0.0041802902  0.0902007427  0.0019196758
    33   0.0003960865 -0.0046044132 -0.0087804418
    34   0.0002280760 -0.0043006226  0.0021943985
    35   0.0001113238 -0.0017312448 -0.0052598429
    36  -0.0000690208 -0.0017307660  0.0026943171
    37   0.0000177702 -0.0017096008 -0.0040298914
    38  -0.0000214906 -0.0016947783  0.0039024353
 n=    50 A   IR&R
     hbarW=  0.97646828E-03 Ha =  0.26571053E-01 eV; nu=  0.21431002E+03 cm^-1
    17   0.1376096396  0.0162790043  0.0236983444
    18   0.3154076005  0.0187292567 -0.0422179358
    19  -0.2375845023 -0.1109937697 -0.0078583524
    20  -0.2347896605  0.0763494042 -0.0051568739
    21   0.3582815725  0.0222750227 -0.0787074428
    22   0.1547297034  0.0188386071  0.0504365076
    23  -0.2806964491  0.0816377549 -0.0093251944
    24  -0.2846617598 -0.1202871245 -0.0196723372
    25  -0.2695042239  0.0219261979  0.0660358884
    26  -0.2788626387  0.0187188037  0.0660026475
    27   0.2118521820  0.0402689693  0.0104009324
    28   0.2178250980 -0.0735263239  0.0107179626
    29   0.2162564677  0.0394566538  0.0001759427
    30   0.2227522521 -0.0731009295  0.0037106125
    31  -0.1902728884  0.0171532289 -0.0450802836
    32  -0.0551626073  0.0064230590 -0.0265655945
    33  -0.0037446078  0.0003483042  0.0039660866
    34  -0.0037370406 -0.0010081044  0.0045859506
    35  -0.0001584450 -0.0000915560  0.0082632114
    36  -0.0001588426 -0.0001491037  0.0087496972
    37   0.0000765527  0.0000125420 -0.0082723602
    38   0.0000957024 -0.0002763096 -0.0077836682
 n=    51 A   IR&R
     hbarW=  0.97971259E-03 Ha =  0.26659335E-01 eV; nu=  0.21502206E+03 cm^-1
    17  -0.3559878645 -0.0068754304 -0.0383494126
    18   0.2158914290 -0.0083510457 -0.0169827423
    19   0.0714767885 -0.2885282857 -0.0186683136
    20   0.0697454060  0.3008240095 -0.0179389437
    21   0.2508860954 -0.0089778079 -0.0276344453
    22  -0.4119835678 -0.0071722089 -0.0690224270
    23   0.0874740776  0.3382564683 -0.0484832953
    24   0.0887526872 -0.3213087180 -0.0434867412
    25   0.0841057449 -0.0087131280  0.2138696238
    26   0.0873548600 -0.0066926776  0.2161568337
    27  -0.0716464649 -0.0077845710  0.0172200363
    28  -0.0745645462  0.0198457514  0.0177855967
    29  -0.0572421906 -0.0163651193  0.0206184580
    30  -0.0606089690  0.0282507883  0.0181926036
    31   0.0571296719 -0.0047507211 -0.1485057333
    32   0.0176138738 -0.0023866986 -0.0984896974
    33   0.0008859403  0.0028499362  0.0267234061
    34   0.0007589567 -0.0032662702  0.0258417319
    35  -0.0001786453  0.0003323647  0.0009193158
    36  -0.0002246059 -0.0004479998  0.0004787084
    37   0.0002019617  0.0003292083  0.0055474349
    38   0.0001382024 -0.0003608476  0.0050802957
 n=    52 A   IR&R
     hbarW=  0.10031206E-02 Ha =  0.27296300E-01 eV; nu=  0.22015953E+03 cm^-1
    17   0.0018291396  0.2790106196  0.0011716952
    18   0.0005345457 -0.2828462043 -0.0020178990
    19   0.2839425081  0.0032318989  0.0003853314
    20  -0.2862582702  0.0027401474 -0.0014148171
    21   0.0015322498 -0.3615962242 -0.0012888623
    22   0.0012961442  0.3572467951  0.0019236008
    23  -0.3684984023 -0.0003101036 -0.0000933343
    24   0.3655281321  0.0003348729  0.0007853588
    25  -0.0024046759 -0.0018844835 -0.0004519602
    26  -0.0023198667 -0.0020461899  0.0001464884
    27  -0.0141862892  0.0151385664  0.1942743456
    28   0.0174222141  0.0132882877 -0.1933586784
    29   0.0179758594 -0.0089511074  0.1933926954
    30  -0.0160559144 -0.0117342888 -0.1933513213
    31  -0.0002227881 -0.0013869225  0.0005351741
    32   0.0000495653 -0.0000088680 -0.0000288441
    33  -0.0054230147 -0.0001613370 -0.0007802322
    34   0.0055186614 -0.0001674901  0.0002354777
    35  -0.0026942514  0.0017668282 -0.0022385042
    36   0.0027400776  0.0017448288  0.0021876423
    37  -0.0027497192 -0.0018810762  0.0015531513
    38   0.0027770934 -0.0018974593 -0.0017848855
 n=    53 A   IR&R
     hbarW=  0.12354540E-02 Ha =  0.33618414E-01 eV; nu=  0.27115083E+03 cm^-1
    17  -0.0001819991 -0.0019985627 -0.0001693015
    18   0.0002256117 -0.0019078142 -0.0002052583
    19  -0.0000467409  0.0025900210 -0.0106503742
    20   0.0000750231  0.0030417575  0.0098252361
    21   0.0002723707 -0.0047479090  0.0003336496
    22  -0.0003131939 -0.0050052087  0.0002535151
    23   0.0002115434 -0.0037739688 -0.0015053420
    24  -0.0000651103 -0.0045787120  0.0017657063
    25  -0.0001276977  0.0435467302  0.0007722048
    26   0.0001146789  0.0055046336  0.0004987864
    27  -0.0233036066  0.0044294108 -0.0286424482
    28   0.0242646538  0.0051109162  0.0289910635
    29  -0.0240399457  0.0056286008  0.0280590042
    30   0.0231536870  0.0047766287 -0.0274181635
    31  -0.0000653403 -0.0251285640  0.0003092886
    32  -0.0002930918 -0.1659346104  0.0008017251
    33   0.0057138595  0.1137247501 -0.5950686999
    34  -0.0041298955  0.1140990118  0.5845749935
    35   0.0045512928  0.0121963718 -0.2447080200
    36  -0.0042573790  0.0119431387  0.2443485579
    37  -0.0004666606  0.0112424400 -0.2482474196
    38   0.0006261347  0.0114799604  0.2457586050
 n=    54 A   IR&R
     hbarW=  0.19847553E-02 Ha =  0.54007938E-01 eV; nu=  0.43560344E+03 cm^-1
    17  -0.0005836326 -0.0000028220  0.0035380963
    18  -0.0007267544 -0.0000134750 -0.0043826363
    19  -0.0061569809 -0.0000924797  0.0006319072
    20  -0.0061550973  0.0001279552  0.0005546365
    21   0.0097608515  0.0000068207  0.0097630145
    22   0.0100293959 -0.0000237958 -0.0105804183
    23   0.0019462914 -0.0002591865  0.0001798502
    24   0.0019567958  0.0002392294  0.0002017367
    25   0.0018356685  0.0000347835 -0.0003616899
    26   0.0143442702  0.0000348690 -0.0004208326
    27  -0.0140640571  0.0033125826 -0.0223868283
    28  -0.0139254117 -0.0033221106 -0.0224639679
    29  -0.0129656104  0.0027845502  0.0210381094
    30  -0.0129464239 -0.0028497405  0.0211039496
    31   0.0070959484  0.0000120935 -0.0002450087
    32   0.0928517789 -0.0002365801  0.0029028566
    33  -0.1058581089  0.0006853615  0.0043217604
    34  -0.1049992208  0.0001800085  0.0031150447
    35   0.0326624779 -0.0110352344  0.4871693024
    36   0.0331372956  0.0110491076  0.4883887426
    37   0.0411572123  0.0096428553 -0.4906956413
    38   0.0422563284 -0.0105329162 -0.4928889098
 n=    55 A   IR&R
     hbarW=  0.34729037E-02 Ha =  0.94502516E-01 eV; nu=  0.76221427E+03 cm^-1
    17  -0.0000306835 -0.0000017851 -0.0000744721
    18  -0.0000766145  0.0000084281  0.0000452725
    19  -0.0003222632 -0.0000042183  0.0000711222
    20  -0.0003225581  0.0000002897  0.0000597601
    21   0.0003631729  0.0000019335  0.0003278403
    22   0.0003928092 -0.0000109111 -0.0003936358
    23   0.0001406704 -0.0000084891  0.0000079005
    24   0.0001361722  0.0000230645 -0.0000070617
    25  -0.0005705432  0.0000346735  0.0000030103
    26   0.0005411316 -0.0000219320 -0.0000557455
    27  -0.0005236799  0.0002751980 -0.0016343753
    28  -0.0005127665 -0.0002801866 -0.0015811617
    29  -0.0005802631  0.0003100640  0.0015528920
    30  -0.0005374882 -0.0002951201  0.0015427239
    31   0.0007137043  0.0000230606 -0.0000379889
    32  -0.0014199156 -0.0000811476  0.0003665882
    33   0.1303364990 -0.0001534804  0.0043751396
    34   0.1349578386 -0.0011799632  0.0017198800
    35  -0.2262820560  0.4331857415  0.0344198627
    36  -0.2283529084 -0.4334360385  0.0362046857
    37  -0.2276653845 -0.4320134092 -0.0480819765
    38  -0.2254690815  0.4356485356 -0.0446535002
 n=    56 A   IR&R
     hbarW=  0.37713355E-02 Ha =  0.10262326E+00 eV; nu=  0.82771248E+03 cm^-1
    17  -0.0001115741  0.0000261730 -0.0009838236
    18   0.0000541727 -0.0000319505 -0.0011022883
    19   0.0000186332 -0.0004751181  0.0039142249
    20   0.0000147921  0.0005006874  0.0039679603
    21  -0.0006436697  0.0000584038 -0.0025939245
    22   0.0008398005  0.0000450594 -0.0025536888
    23   0.0000390116 -0.0002061794  0.0012314118
    24   0.0000648436  0.0003056108  0.0011176873
    25  -0.0000604620  0.0000270751  0.0002028066
    26   0.0001126842 -0.0000478703 -0.0040165241
    27   0.0039050574 -0.0028954686  0.0061227324
    28   0.0037435713  0.0028215416  0.0059297445
    29  -0.0033751995  0.0025261772  0.0051387888
    30  -0.0037621787 -0.0026410567  0.0055998824
    31  -0.0000709488  0.0000087547 -0.0034789139
    32  -0.0010807477  0.0010744434  0.0492042193
    33  -0.0009167841  0.0790631608  0.1808738150
    34  -0.0033059725 -0.0851945984  0.2154711322
    35  -0.0046695943 -0.0667216773 -0.4556102352
    36  -0.0044440100  0.0740114305 -0.4919482093
    37   0.0147513540 -0.0606872934 -0.4462961432
    38   0.0164512669  0.0673616041 -0.4869954498
 n=    57 A   IR&R
     hbarW=  0.38282703E-02 Ha =  0.10417253E+00 eV; nu=  0.84020824E+03 cm^-1
    17  -0.0000020967  0.0004630346 -0.0000401130
    18  -0.0000008619  0.0004496758 -0.0000459811
    19   0.0000340616 -0.0000613121  0.0007124282
    20  -0.0000199248 -0.0000078249 -0.0003417817
    21  -0.0000388725  0.0000129256 -0.0001246893
    22   0.0000337147  0.0000494476 -0.0001133649
    23   0.0000058986 -0.0006895452 -0.0013184036
    24  -0.0000021528 -0.0006541579  0.0014300143
    25  -0.0000128662 -0.0003663380  0.0000189070
    26  -0.0000029214  0.0008616972 -0.0001846264
    27  -0.0019842745  0.0011065097 -0.0034629487
    28   0.0023622439  0.0013601534  0.0040995327
    29  -0.0024057977  0.0014414632  0.0040552610
    30   0.0021324765  0.0012483803 -0.0036269602
    31   0.0000007145 -0.0004322190 -0.0001625952
    32  -0.0001215564 -0.0235827089  0.0022477988
    33  -0.0054618953  0.0692810803  0.3724280264
    34   0.0053598939  0.0618429226 -0.3536665682
    35  -0.0049509066 -0.0766770974 -0.4258309526
    36   0.0052332757 -0.0678437395  0.3815922465
    37   0.0179207347 -0.0713282485 -0.4563956037
    38  -0.0151785439 -0.0685762423  0.4132356228
 n=    58 A   IR&R
     hbarW=  0.40445328E-02 Ha =  0.11005733E+00 eV; nu=  0.88767235E+03 cm^-1
    17   0.0000023348 -0.0002934498 -0.0000276783
    18  -0.0000017596  0.0001832355 -0.0000297393
    19   0.0003978402  0.0000060265  0.0000618208
    20  -0.0004004113  0.0000232070 -0.0000096859
    21   0.0000028657 -0.0001655607 -0.0000100657
    22   0.0000026603  0.0002143888 -0.0000151933
    23   0.0004852774  0.0000313064  0.0000726439
    24  -0.0004842396  0.0000380381 -0.0000238545
    25   0.0000036676  0.0000210028 -0.0000036095
    26   0.0000058086 -0.0000331603 -0.0000071192
    27   0.0042482186 -0.0034199779  0.0058498428
    28  -0.0042725410 -0.0034240333 -0.0059138531
    29  -0.0041349560  0.0032263183  0.0053445137
    30   0.0041222608  0.0032278543 -0.0053286754
    31   0.0000069272  0.0000523026 -0.0000021762
    32   0.0000419079  0.0006167608 -0.0000082596
    33  -0.0963883145 -0.0016254343 -0.0106700954
    34   0.0953085776 -0.0020366531  0.0112253639
    35   0.0603695750 -0.0435596797  0.5038329715
    36  -0.0595364288 -0.0411281335 -0.5029638517
    37   0.0681333436  0.0472023884 -0.4753932817
    38  -0.0677294491  0.0472917395  0.4731232645
 n=    59 A   IR&R
     hbarW=  0.52691272E-02 Ha =  0.14338024E+00 eV; nu=  0.11564398E+04 cm^-1
    17   0.0000044181  0.0000044182 -0.0000002799
    18  -0.0000031762 -0.0000174948 -0.0000011944
    19  -0.0000677299  0.0000074710 -0.0000052201
    20   0.0000690159  0.0000053878  0.0000035999
    21  -0.0000013673  0.0000427404 -0.0000096336
    22   0.0000022067 -0.0000352707 -0.0000089514
    23  -0.0000247288 -0.0000040928 -0.0000072861
    24   0.0000241617  0.0000032819 -0.0000043039
    25   0.0000004360 -0.0000005493  0.0000068019
    26  -0.0000006103  0.0000029508 -0.0000093893
    27   0.0004284644 -0.0001262580  0.0019001673
    28  -0.0004115116 -0.0001282730 -0.0019090222
    29  -0.0003823456  0.0001061983  0.0017567189
    30   0.0003614509  0.0001034855 -0.0017609489
    31  -0.0000007494  0.0000129365 -0.0000053550
    32  -0.0000049417  0.0000177806  0.0000554705
    33   0.4178885790 -0.0002462014  0.0037338712
    34  -0.4168840381 -0.0002200554 -0.0039347287
    35  -0.1066472984  0.3828155538  0.0895700184
    36   0.1063864510  0.3763408941 -0.0888074185
    37  -0.1060989049 -0.3781226122 -0.0898780223
    38   0.1033899508 -0.3790751982  0.0897353724
 n=    60 A   IR&R
     hbarW=  0.56268698E-02 Ha =  0.15311491E+00 eV; nu=  0.12349552E+04 cm^-1
    17  -0.0001248343  0.0000123084 -0.0002810437
    18   0.0001117972  0.0000128811 -0.0002835608
    19   0.0000035529 -0.0000025277  0.0012902135
    20   0.0000160894  0.0000182056  0.0013039501
    21  -0.0002281570  0.0000003664 -0.0008287227
    22   0.0003137556  0.0000059911 -0.0008033221
    23   0.0000124217  0.0001250059  0.0003399530
    24   0.0000294747 -0.0000518325  0.0003442805
    25   0.0000240770  0.0000068631 -0.0002637195
    26   0.0000153956 -0.0000018671 -0.0019328330
    27   0.0010637543 -0.0003491482  0.0010241927
    28   0.0010345324  0.0003619677  0.0010281135
    29  -0.0009966844  0.0002979514  0.0009307011
    30  -0.0009909700 -0.0002553448  0.0009520527
    31  -0.0000071922 -0.0000094640 -0.0009324868
    32  -0.0002947069 -0.0000008311  0.0196158578
    33   0.0001410558  0.4490632805 -0.0181328284
    34   0.0002435213 -0.4469899513 -0.0178082632
    35  -0.1203831420  0.3633143033 -0.0140888818
    36  -0.1259141400 -0.3685163622 -0.0151506524
    37   0.1243384350  0.3656264631 -0.0125038063
    38   0.1231927111 -0.3664229218 -0.0132452802
 n=    61 A   IR&R
     hbarW=  0.62371577E-02 Ha =  0.16972169E+00 eV; nu=  0.13688979E+04 cm^-1
    17   0.0000006260  0.0001422232  0.0000009989
    18   0.0000010998  0.0001631618  0.0000019882
    19   0.0000070910  0.0001108583 -0.0002446878
    20  -0.0000026543  0.0001086715  0.0002323237
    21  -0.0000029925 -0.0000337395  0.0000060540
    22  -0.0000035374 -0.0000478802  0.0000054455
    23   0.0000197685 -0.0004704619 -0.0004241375
    24  -0.0000208073 -0.0004690699  0.0004277163
    25   0.0000021166 -0.0006892684 -0.0000031199
    26  -0.0000023404 -0.0005710703  0.0000063015
    27   0.0008401543 -0.0001750960  0.0008110412
    28  -0.0008602536 -0.0001912841 -0.0008411255
    29   0.0008583122 -0.0001613711 -0.0007693033
    30  -0.0008294756 -0.0001472761  0.0007517610
    31  -0.0000022495  0.0003346283  0.0000048378
    32   0.0000108798  0.0015792090 -0.0001081793
    33   0.0012169053  0.2194920204 -0.0241550097
    34   0.0002282114  0.2275263012  0.0250896575
    35   0.2657420490 -0.3856542469  0.0671120503
    36  -0.2698376315 -0.3838601227 -0.0683823266
    37  -0.2706203993 -0.3853695976  0.0624696516
    38   0.2687127470 -0.3851274497 -0.0629619193
 n=    62 A   IR&R
     hbarW=  0.67436986E-02 Ha =  0.18350537E+00 eV; nu=  0.14800708E+04 cm^-1
    17   0.0000647277  0.0000112503 -0.0002219168
    18  -0.0000862071  0.0000042498 -0.0002387680
    19   0.0000038615 -0.0000829584  0.0006408660
    20   0.0000020423  0.0001054763  0.0006450686
    21   0.0000027875  0.0000122914 -0.0007461702
    22   0.0000598972  0.0000154679 -0.0007506929
    23   0.0000146273 -0.0000525687  0.0000647985
    24   0.0000208010  0.0000806172  0.0000752769
    25   0.0000091125  0.0000039185 -0.0003648832
    26   0.0000192538  0.0000004251 -0.0000182120
    27   0.0001522433 -0.0005734102  0.0001540208
    28   0.0001440849  0.0005761616  0.0001431847
    29  -0.0001301569  0.0005445371  0.0001369982
    30  -0.0001267654 -0.0005282416  0.0001567141
    31  -0.0000132049 -0.0000093250 -0.0003445035
    32  -0.0001804457  0.0000001877  0.0086942598
    33   0.0022891192  0.5136851527 -0.0466415926
    34  -0.0011011631 -0.5119725266 -0.0469869804
    35   0.2457734070 -0.2319129006  0.0650399235
    36   0.2452214812  0.2275659204  0.0651267539
    37  -0.2492452145 -0.2309976172  0.0604923072
    38  -0.2449951153  0.2284618357  0.0600263563
 n=    63 A   IR&R
     hbarW=  0.13388572E-01 Ha =  0.36432156E+00 eV; nu=  0.29384519E+04 cm^-1
    17   0.0000029604  0.0000370493  0.0000037655
    18  -0.0000020857  0.0000362678  0.0000055539
    19   0.0000024094  0.0000140514  0.0000108574
    20  -0.0000026527  0.0000093697 -0.0000100514
    21   0.0000045181  0.0000165234  0.0000051402
    22  -0.0000039720  0.0000114255  0.0000064378
    23   0.0000034415 -0.0000325201  0.0000162374
    24  -0.0000021868 -0.0000401023 -0.0000074364
    25   0.0000020838 -0.0002743021 -0.0000131377
    26  -0.0000016523  0.0000469110  0.0000093158
    27  -0.0000349674  0.0001259490 -0.0003584468
    28   0.0000231417  0.0001302717  0.0004008283
    29  -0.0000209821  0.0001213459  0.0003550425
    30   0.0000299321  0.0001206550 -0.0003062019
    31  -0.0000019478  0.0000059085  0.0000123596
    32   0.0000070976  0.0000720665 -0.0000879810
    33  -0.0045028698 -0.1582872529  0.0312326335
    34   0.0044086703 -0.1229935289 -0.0249738588
    35   0.4709239236  0.2701619878 -0.0528714468
    36  -0.3832084984  0.2229168163  0.0427253546
    37  -0.4546567962  0.2651248003 -0.0590288312
    38   0.3675637736  0.2107766243  0.0473450819
 n=    64 A   IR&R
     hbarW=  0.13410351E-01 Ha =  0.36491421E+00 eV; nu=  0.29432319E+04 cm^-1
    17   0.0000374308 -0.0000012416  0.0000447639
    18  -0.0000328815  0.0000025522  0.0000497166
    19   0.0000020799  0.0000264594  0.0000016557
    20   0.0000043170 -0.0000232582  0.0000076164
    21   0.0000303802  0.0000054219  0.0000323577
    22  -0.0000246887  0.0000031873  0.0000352542
    23   0.0000039836  0.0000195646  0.0000116515
    24   0.0000051618  0.0000027059  0.0000144624
    25   0.0000052954  0.0000379975 -0.0001193084
    26  -0.0000036239 -0.0000022669  0.0000578234
    27  -0.0000294061 -0.0000064162  0.0002633847
    28  -0.0000461811 -0.0000220426  0.0001818043
    29   0.0000523295 -0.0000229093  0.0001513756
    30   0.0000605798  0.0000002775  0.0002146616
    31   0.0000004962 -0.0000069060  0.0000954797
    32   0.0000313416 -0.0000051809 -0.0008772850
    33  -0.0023622578 -0.1523434864  0.0269345176
    34  -0.0050042301  0.1818936076  0.0329076316
    35   0.3746121685  0.2159313727 -0.0434800557
    36   0.4677212480 -0.2734638930 -0.0539824316
    37  -0.3666592057  0.2151157342 -0.0491380274
    38  -0.4499783963 -0.2595551250 -0.0598125709
 n=    65 A   IR&R
     hbarW=  0.13718509E-01 Ha =  0.37329961E+00 eV; nu=  0.30108647E+04 cm^-1
    17   0.0000005206 -0.0000237331 -0.0000005754
    18  -0.0000008166  0.0000241671  0.0000015800
    19  -0.0000522876  0.0000010944 -0.0000019966
    20   0.0000492291  0.0000002768 -0.0000001754
    21  -0.0000001755 -0.0000271325 -0.0000017235
    22   0.0000017188  0.0000247009 -0.0000002050
    23  -0.0000524627 -0.0000007852 -0.0000015886
    24   0.0000514630  0.0000015232 -0.0000053905
    25  -0.0000034935  0.0000012442  0.0000018051
    26   0.0000038306 -0.0000037575 -0.0000011791
    27   0.0000459527  0.0000089831  0.0004003984
    28  -0.0000500006  0.0000056903 -0.0004242815
    29  -0.0000403751 -0.0000140168  0.0003877580
    30   0.0000332782 -0.0000119068 -0.0003763984
    31  -0.0000001651  0.0000035956 -0.0000014883
    32  -0.0000072154 -0.0000137112  0.0000040898
    33   0.2336859560 -0.0026167408  0.0024771521
    34  -0.2204013888 -0.0029965202 -0.0027406784
    35  -0.4064874417 -0.2509263726  0.0491413368
    36   0.3773059074 -0.2363308482 -0.0458165131
    37  -0.4151183654  0.2605818067 -0.0574567968
    38   0.3983245304  0.2462192854  0.0552092486
 n=    66 A   IR&R
     hbarW=  0.13843682E-01 Ha =  0.37670575E+00 eV; nu=  0.30383371E+04 cm^-1
    17   0.0000056395 -0.0000026047  0.0000368177
    18   0.0000084419 -0.0000000058 -0.0000333212
    19   0.0000439163 -0.0000008188  0.0000007257
    20   0.0000477753  0.0000011452  0.0000007999
    21  -0.0000228512  0.0000001851  0.0000235031
    22  -0.0000267542  0.0000023800 -0.0000168904
    23   0.0000181607  0.0000022915  0.0000028658
    24   0.0000196728 -0.0000028560  0.0000022059
    25   0.0001117717 -0.0000014312 -0.0000017184
    26  -0.0001312254  0.0000006446  0.0000005694
    27   0.0001078919 -0.0000385846  0.0003573170
    28   0.0001056606  0.0000409878  0.0003366905
    29   0.0000959772 -0.0000294103 -0.0003021453
    30   0.0000995742  0.0000324278 -0.0003310521
    31  -0.0000090268 -0.0000003847 -0.0000042395
    32   0.0001360296  0.0000018139  0.0000040804
    33  -0.2248376558  0.0028508460 -0.0023683892
    34  -0.2379686616 -0.0024792042 -0.0027580413
    35   0.3835421876  0.2374384248 -0.0444894974
    36   0.4018192159 -0.2522858192 -0.0468099463
    37   0.3900497811 -0.2456272381  0.0522386574
    38   0.4177719195  0.2591482853  0.0560386441
